0.000000000000
-0.000044443521
-0.000177631695
-0.000399108581
-0.000708302095
-0.001105238928
-0.001591173970
-0.002168073147
-0.002837246124
-0.003599103947
-0.004454805688
-0.005406382946
-0.006453682077
-0.007591636554
-0.008811554868
-0.010107188877
-0.011480851857
-0.012942951230
-0.014502973507
-0.016159259627
-0.017900698755
-0.019720333604
-0.021623345889
-0.023619428860
-0.025713893868
-0.027911703081
-0.030219720592
-0.032628862227
-0.035102810719
-0.037607534392
-0.040148025842
-0.042759334683
-0.045470508362
-0.048294089607
-0.051236807831
-0.054297057653
-0.057460127295
-0.060711072820
-0.064051095089
-0.067498641324
-0.071062416338
-0.074714652984
-0.078411488660
-0.082135014020
-0.085899894118
-0.089727970682
-0.093640788186
-0.097673436872
-0.101866744646
-0.106242282087
-0.110786182727
-0.115438939471
-0.120118370820
-0.124798939152
-0.129555003459
-0.134473326382
-0.139553998197
-0.144748759447
-0.150045407679
-0.155472020357
-0.161058438381
-0.166852987520
-0.172956214997
-0.179417471781
-0.186087756162
-0.192674917829
-0.198967372197
-0.205005425349
-0.211048407997
-0.217365584060
-0.224056872048
-0.231061852474
-0.238271372210
-0.245579944496
-0.252936427265
-0.260468732745
-0.268466694218
-0.277088005787
-0.286126272141
-0.295216301191
-0.304230997573
-0.313313809581
-0.322569366598
-0.331875947051
-0.340880514174
-0.349205893459
-0.356769327707
-0.363674791315
-0.369911809048
-0.375412679911
-0.380297177546
-0.384890592884
-0.389473423551
-0.394059671845
-0.398453376328
-0.402589048852
-0.406826917319
-0.411810665419
-0.417964141499
-0.425267280060
-0.433648734004
-0.443349457617
-0.454623305846
-0.467265386035
-0.480751978100
-0.494772239842
-0.509370444027
-0.524661990651
-0.540651695418
-0.557369743297
-0.575154390529
-0.594634870804
-0.616227337299
-0.639634975493
-0.664041928632
-0.688890839110
-0.714262306030
-0.740431630273
-0.767287583225
-0.794388420443
-0.821461543792
-0.848542207836
-0.875640940178
-0.902480319451
-0.928691841573
-0.954313471528
-0.979784270205
-1.005121121570
-1.029191399803
-1.050001834436
-1.065784906995
-1.075872229413
-1.080840793212
-1.082100884112
-1.081111186522
-1.078687607245
-1.074944555438
-1.069824252869
-1.063645829189
-1.057242205684
-1.051787333349
-1.048420334590
-1.047773647507
-1.049805048641
-1.054145311979
-1.060740721427
-1.070255411342
-1.083588762065
-1.100887695213
-1.121214904625
-1.143141046820
-1.165598847075
-1.188220676567
-1.211244814903
-1.235425515641
-1.261493497223
-1.289260747573
-1.317520294125
-1.344682552927
-1.369189235150
-1.389634089518
-1.404962295365
-1.414828036542
-1.419853628613
-1.421362638527
-1.420568606908
-1.417882268809
-1.412907473223
-1.405120725457
-1.394561362358
-1.381766158188
-1.367303908926
-1.351543387063
-1.334573116471
-1.316408240735
-1.297743626621
-1.280489980188
-1.267049330359
-1.258977057143
-1.256655972884
-1.260104440998
-1.269548420359
-1.284928687843
-1.305283263867
-1.329065459118
-1.354814079895
-1.381297169327
-1.407318443382
-1.432032588938
-1.455636374437
-1.479186366704
-1.503592525869
-1.528872679879
-1.554019957519
-1.577373978743
-1.597386075155
-1.613378377186
-1.625483709804
-1.633821430364
-1.637901356252
-1.636717631032
-1.629297686710
-1.615200769010
-1.594757179877
-1.569019666220
-1.539132316279
-1.505441529381
-1.467298200977
-1.423682814037
-1.373831388980
-1.317355878619
-1.254034377925
-1.183697191335
-1.106379274801
-1.022089485721
-0.930104122278
-0.828735615947
-0.715617929405
-0.587922306958
-0.442769189716
-0.278487215901
-0.096103781450
0.100677518020
0.307266313687
0.520246767374
0.738590250108
0.963203331940
1.194875636424
1.432670936083
1.673995106963
1.915598264463
2.154483707937
2.387996574713
2.613281386616
2.826941676660
3.025411786971
3.206138892030
3.369220491645
3.518566758886
3.661701915977
3.808179482275
3.967370548844
4.146443798769
4.349210212930
4.576318659322
4.826579136491
5.098619330052
5.392082970217
5.707795647794
6.046661109375
6.407629968999
6.786304165420
7.175659355910
7.568114619757
7.957346763662
8.339176330253
8.711459889129
9.073378797876
9.424570787343
9.764309976822
10.091309053798
10.404336846817
10.702700610148
10.986012318475
11.253678833855
11.504629376534
11.737506952469
11.951145439472
12.144735263856
12.317563983063
12.468763993098
12.597207637557
12.701524620072
12.780109335496
12.831085297075
12.852668576902
12.844025681449
12.806089851389
12.741883227968
12.656288845427
12.555590077058
12.447142856822
12.338999362424
12.238690537474
12.151347243061
12.078813494223
12.020300890565
11.973472825339
11.935097909677
11.901150059392
11.866869458555
11.827212580236
11.777361718965
11.713051492579
11.630777450476
11.527900576334
11.402611697639
11.253724268613
11.080563987906
10.883181933904
10.662533952937
10.420184167931
10.157568088568
9.875237134194
9.572670116895
9.248965902565
8.903907215794
8.538502357220
8.154742593545
7.754964288087
7.341288262764
6.915439616085
6.478821908167
6.032547367468
5.577680435690
5.115777937382
4.649188556518
4.181001187458
3.714875428307
3.254588808330
2.803312850293
2.363383534724
1.936907291067
1.526447975134
1.135115432490
0.766118753101
0.422114794388
0.104652081987
-0.185830673774
-0.449361128887
-0.685814822568
-0.894774009629
-1.075713141550
-1.228360121331
-1.353320777132
-1.452798366121
-1.530687853217
-1.591849603498
-1.641114953655
-1.682286964737
-1.717377294759
-1.746542598564
-1.768964492694
-1.784131950054
-1.792378964817
-1.794411831645
-1.790666570590
-1.781120256179
-1.765238997408
-1.741895747333
-1.710046214073
-1.669949563981
-1.623230135178
-1.571634662514
-1.516019277635
-1.456122395393
-1.390635421671
-1.317307781235
-1.233370337007
-1.136396964531
-1.024941677727
-0.898560414292
-0.757642157392
-0.603195013624
-0.436436455216
-0.258158816284
-0.068165566060
0.134638354904
0.351496905296
0.582692319824
0.826226164651
1.077265699473
1.329158001638
1.575068720042
1.809066396041
2.026420654423
2.223386180973
2.397184982627
2.546694950762
2.673233685772
2.780665374306
2.874748529626
2.962044701543
3.049015779514
3.141432145098
3.243487810714
3.356375482382
3.477232832314
3.599868639109
3.717062077957
3.822659635425
3.912470467170
3.984227266947
4.037045295263
4.070587555796
4.084413073240
4.078316934301
4.053486744921
4.013095210806
3.961575402605
3.903018817946
3.839460963949
3.769970994748
3.691564703561
3.601547136390
3.499227136868
3.385835749437
3.263272149418
3.132760286448
2.994034267513
2.845383270158
2.684677449604
2.510598972605
2.322918647934
2.121686978912
1.906182978165
1.674586322938
1.424745933420
1.155352044901
0.866630242994
0.560473356148
0.240377775245
-0.088656207631
-0.420449819449
-0.748378405131
-1.066202828625
-1.368568723887
-1.651256370069
-1.911400383783
-2.147553328940
-2.359274988758
-2.546378576804
-2.708354731022
-2.844192386588
-2.952535055726
-3.032008986392
-3.081550340174
-3.100642679611
-3.089258680345
-3.047369433943
-2.974486868065
-2.869655506819
-2.731638671545
-2.559258714079
-2.352159855025
-2.111575225639
-1.840507003980
-1.543663426002
-1.227565336440
-0.900336472499
-0.570703629357
-0.246491403690
0.066700627820
0.366006820005
0.650842916662
0.921918615564
1.180149729061
1.425789920354
1.658203950112
1.876243644845
2.078698851162
2.264478856111
2.432505490545
2.581580495722
2.710524226631
2.818556000377
2.905713130850
2.973180186387
3.023467192577
3.060450371838
3.089178046270
3.115369720919
3.144879222024
3.183141107599
3.234113283493
3.299162851471
3.377241215845
3.466333989163
3.564924741769
3.672609849295
3.790016650117
3.918785994104
4.061675237282
4.222256241512
4.404235938134
4.610646306224
4.842802843490
5.099251786376
5.375553995366
5.665310019971
5.961858507209
6.259711922620
6.555161488838
6.846255329455
7.132516261479
7.414478680244
7.693093148372
7.969008200816
8.242009107268
8.511060083617
8.774858519412
9.032409981879
9.283245464342
9.527209320790
9.764036709556
9.993017243850
10.212908658775
10.421988630596
10.617994913986
10.798036699259
10.958812494600
11.097191780366
11.210815952727
11.298283204984
11.358743918886
11.391154579063
11.393720978780
11.363925782434
11.299110051083
11.197229626248
11.057400994418
10.879967987415
10.666047233116
10.416910125702
10.133605518403
9.816903568328
9.467328158782
9.085173768395
8.670691424952
8.224321530458
7.746661061319
7.238301294460
6.699839467362
6.131912159995
5.535035589320
4.909475041533
4.255247121167
3.572144141916
2.859884558797
2.118505828587
1.348938632392
0.553596226289
-0.263371943105
-1.096454488876
-1.939582129295
-2.786940285007
-3.633612968312
-4.476068977021
-5.312467893242
-6.142658466853
-6.967765253321
-7.789509473884
-8.609612665445
-9.429472985428
-10.250015368624
-11.071625511780
-11.894207860128
-12.717301801763
-13.540103784375
-14.361416679878
-15.179688518055
-15.993202266994
-16.800294698547
-17.599436861480
-18.389111768713
-19.167582187182
-19.932696677219
-20.681811883060
-21.411835742025
-22.119370472594
-22.800989772895
-23.453549819196
-24.074358488188
-24.661225608057
-25.212418574474
-25.726534988035
-26.202369339960
-26.638868236481
-27.035173248166
-27.390589415463
-27.704418143216
-27.975844359349
-28.204132763394
-28.389167584030
-28.532016418755
-28.634926555940
-28.700502028261
-28.730695222098
-28.726418679347
-28.687731553984
-28.614027903189
-28.504135584242
-28.356607787275
-28.170159911040
-27.944098712357
-27.678651583174
-27.374890857326
-27.034236863515
-26.657982957720
-26.247086531537
-25.802211233518
-25.324068802383
-24.814000031600
-24.274355156581
-23.708220307674
-23.118614436815
-22.507779386908
-21.876987093681
-21.226809186625
-20.557639549302
-19.870193240279
-19.165722306184
-18.445973468637
-17.713000939154
-16.968823546939
-16.215038309988
-15.452532033437
-14.681293877506
-13.900454012031
-13.108733522900
-12.305111604480
-11.489217167621
-10.661325782638
-9.822296732739
-8.973590292404
-8.117091928203
-7.254764673492
-6.388602052894
-5.520827930801
-4.653897957325
-3.790386556227
-2.932995207069
-2.084530697217
-1.247665173561
-0.424568312001
0.383265899415
1.174836949875
1.949358808034
2.706197397038
3.444994312658
4.165721034542
4.868562810914
5.553740316410
6.221390818454
6.871514378786
7.503892705934
8.117931591205
8.712576480121
9.286454162185
9.838126490533
10.366304333965
10.869999037513
11.348633494465
11.802126197437
12.230864483784
12.635498507460
13.016695208640
13.374970827216
13.710565507092
14.023379160672
14.313077984472
14.579402774568
14.822545660548
15.043371020051
15.243300778199
15.423994874867
15.587148016607
15.734458603787
15.867592655027
15.988075240055
16.097166962663
16.195785815507
16.284585930358
16.364215303798
16.435547923738
16.499624419995
16.557308008262
16.608910949525
16.654044109795
16.691883045041
16.721652634610
16.742880724500
16.755403634913
16.759355297551
16.755100179508
16.743001440758
16.723197266003
16.695583432833
16.659892460634
16.615656384904
16.562104685149
16.498272938471
16.423311105020
16.336667987718
16.238089090755
16.127645503333
16.005839536798
15.873657503528
15.732583607014
15.584602297865
15.432062921908
15.277392816542
15.122742852387
14.969592436779
14.818441167310
14.668770077049
14.519338924341
14.368765083760
14.216164665253
14.061539667784
13.905757921865
13.750195631692
13.596243853428
13.444971897394
13.297073834263
13.152853708485
13.012043000807
12.873655508572
12.736407683958
12.599761537271
12.464592847271
12.332707987566
12.205698275786
12.084042923875
11.966776885184
11.851589392213
11.735261838566
11.614287013688
11.485478100936
11.346511499355
11.196252736446
11.034650917281
10.862285667565
10.679874069172
10.487915540491
10.286521151782
10.075339902326
9.853470682709
9.619562784020
9.372174183887
9.110025601287
8.832053254254
8.537474261949
8.225873212956
7.897241176144
7.552017145843
7.191195801082
6.816449671405
6.430156253081
6.035278355921
5.635040923846
5.232487488313
4.830200396741
4.430301974560
4.034628113114
3.645044571565
3.263771105774
2.893337437622
2.536078579202
2.193508822203
1.865900808699
1.552276284268
1.250865177220
0.959693663284
0.676945874510
0.401148856786
0.131252049327
-0.133513316177
-0.393963809438
-0.651216336692
-0.906630599210
-1.161481566325
-1.416608257754
-1.672280095530
-1.928316536760
-2.184245033397
-2.439428491280
-2.693272439711
-2.945378403966
-3.195473428684
-3.443220560406
-3.688063821258
-3.929164909226
-4.165447706340
-4.395727031979
-4.618879250074
-4.833994564216
-5.040445369667
-5.237802732185
-5.425448066363
-5.601948085158
-5.764725923256
-5.910412254222
-6.035526347965
-6.136831580239
-6.211282570861
-6.255981507068
-6.268310420582
-6.246166318232
-6.188304304647
-6.094637961465
-5.966243672668
-5.805078188770
-5.613578145904
-5.394348289403
-5.150060470685
-4.883398051271
-4.596917947398
-4.292977759176
-3.973806295314
-3.641606580133
-3.298522812079
-2.946496045597
-2.587242466057
-2.222288297193
-1.852817954405
-1.479473872908
-1.102413244155
-0.721609607087
-0.337195028855
0.050381735290
0.440510100563
0.832606145390
1.226040355202
1.619973364890
2.013434655136
2.405716268636
2.796731049306
3.186939382609
3.576913612419
3.966968123881
4.357141903244
4.747367004424
5.137520764285
5.527428933192
5.916970429173
6.306147582192
6.695000399943
7.083481877719
7.471490472748
7.859048808628
8.246353626927
8.633612540087
9.020914426916
9.408220453429
9.795332568062
10.181813813179
10.566924896944
10.949583921572
11.328403994984
11.701841744540
12.068394255469
12.426774895279
12.775970741652
13.115123795574
13.443377451588
13.759882056161
14.063873001731
14.354536920245
14.630637932134
14.890347640816
15.131561472574
15.352302851295
15.550791472329
15.725265856430
15.873845808920
15.994571931518
16.085630872795
16.145643070093
16.173763858471
16.169573605260
16.133011771746
16.064399818704
15.964363442225
15.833696911535
15.673337212277
15.484410917758
15.268216280824
15.026060039157
14.759083664811
14.468310648225
14.154847192034
13.820031637748
13.465508867738
13.093241806519
12.705500321665
12.304874919499
11.894198021304
11.476318083655
11.053844109826
10.628946162581
10.203272352022
9.778025573671
9.354048885674
8.931703733802
8.510676257172
8.090167462728
7.669520615068
7.248695425667
6.828187127030
6.408627700222
5.990510078814
5.574243096971
5.160327156689
4.749272758331
4.341299709353
3.936201150059
3.533568214357
3.133070627291
2.734479572308
2.337711143335
1.942979523136
1.550697037185
1.161119778240
0.774068894870
0.388992886586
0.005331829096
-0.377142150592
-0.758191130860
-1.137158441012
-1.513081545628
-1.884763264654
-2.250935021017
-2.610596268272
-2.963268980237
-3.309025621150
-3.648376806034
-3.981950554700
-4.310028129363
-4.632330797030
-4.948210152404
-5.256968749220
-5.558066641545
-5.851202631670
-6.136412906290
-6.414205830274
-6.685473157129
-6.951099763410
-7.211595604583
-7.467018492750
-7.717055800717
-7.961078156744
-8.198189444247
-8.427275444972
-8.647075142882
-8.856364217899
-9.054197121925
-9.240106687782
-9.414249098267
-9.577360018997
-9.730410434950
-9.874217132812
-10.009264212393
-10.135655737346
-10.253056986908
-10.360688414197
-10.457526280051
-10.542689667564
-10.615816099433
-10.677206981519
-10.727677477624
-10.768232917810
-10.799758258539
-10.822874037968
-10.837995210638
-10.845538762510
-10.846179479503
-10.840994698686
-10.831369039755
-10.818694094438
-10.804025501018
-10.787862308852
-10.770188015546
-10.750783459445
-10.729646897717
-10.707259494633
-10.684507669822
-10.662367920660
-10.641598333625
-10.622599893260
-10.605465979021
-10.590115418155
-10.576451666237
-10.564592777203
-10.555100202264
-10.548988235423
-10.547504127168
-10.551817068343
-10.562694427346
-10.580295703824
-10.604196615734
-10.633668836934
-10.668136958915
-10.707551075119
-10.752430113067
-10.803578631220
-10.861598390835
-10.926314138512
-10.996458706969
-11.069965810286
-11.144584025273
-11.218233966549
-11.289089867477
-11.355746157333
-11.417393146535
-11.473646176536
-11.524149599007
-11.568355560882
-11.605580787168
-11.635178790035
-11.656628790466
-11.669505849681
-11.673458774685
-11.668246327892
-11.653754770111
-11.629903606494
-11.596481456921
-11.553070537396
-11.499193458364
-11.434640259723
-11.359714753430
-11.275214586769
-11.182276250256
-11.082337804672
-10.977126297921
-10.868348373544
-10.757183835135
-10.644054040555
-10.528856601070
-10.411424512272
-10.291893440404
-10.170804481352
-10.048936093058
-9.926954227201
-9.805056107223
-9.682823548156
-9.559310040944
-9.433275234244
-9.303538489559
-9.169302228224
-9.030218057241
-8.886165920356
-8.736943687867
-8.582084317489
-8.420864274280
-8.252446490672
-8.076011531688
-7.890779592905
-7.696019136465
-7.491057827881
-7.275185630693
-7.047520670146
-6.807031556606
-6.552733930446
-6.283871563102
-6.000022892091
-5.701235640667
-5.388149133587
-5.061985678203
-4.724407470548
-4.377288344316
-4.022489005516
-3.661726259210
-3.296498095963
-2.928070413329
-2.557595865534
-2.186234017959
-1.815118956595
-1.445257577246
-1.077497954329
-0.712562464188
-0.351032927122
0.006716991398
0.360528017869
0.710391523157
1.056378655732
1.398566014472
1.736926203751
2.071174317812
2.400683529840
2.724670288851
3.042585005827
3.354339071873
3.660207763599
3.960583851128
4.255733223768
4.545626800744
4.829893702290
5.107872472508
5.378757963761
5.641803505189
5.896437791878
6.142187805463
6.378474574683
6.604476640020
6.819193247229
7.021678509522
7.211304449954
7.387930114343
7.551917528408
7.703983026088
7.844945524981
7.975490928262
8.096055787122
8.206856143935
8.307996808524
8.399581542897
8.481813473417
8.555094448106
8.620052073467
8.677435053545
8.727916342346
8.771912151082
8.809591474660
8.841073004699
8.866592451997
8.886577542099
8.901695002621
8.912836978326
8.920970176495
8.926931614950
8.931371048980
8.934818046502
8.937702890123
8.940309580473
8.942764736343
8.945117751793
8.947399452169
8.949564770312
8.951424860077
8.952657963420
8.952809553476
8.951225760728
8.947028633908
8.939210869922
8.926812442465
8.909095258126
8.885625796090
8.856237685578
8.820941134153
8.779801027556
8.732722733008
8.679264054518
8.618670507058
8.550061324194
8.472613358258
8.385672546275
8.288719744807
8.181238415847
8.062607072207
7.932050441179
7.788662761683
7.631515792224
7.459796150636
7.272935691328
7.070725561992
6.853358379080
6.621426365021
6.375939683233
6.118294310397
5.850094809137
5.572864391689
5.287886798293
4.996359756901
4.699640549971
4.399274110929
4.096792820049
3.793501830395
3.490371775718
3.187998374359
2.886617524115
2.586224091216
2.286781632481
1.988404805794
1.691385228930
1.396049735281
1.102590718683
0.811021686964
0.521267584924
0.233296432830
-0.052783836507
-0.336686100690
-0.617958080348
-0.896073052668
-1.170628131338
-1.441529048905
-1.708985858960
-1.973348596610
-2.234913118876
-2.493785586983
-2.749855115539
-3.002864713203
-3.252534964846
-3.498678490274
-3.741249946748
-3.980331467872
-4.216086873152
-4.448671744035
-4.678080377686
-4.904022906922
-5.125945288096
-5.343169836508
-5.555034364198
-5.760925958429
-5.960255360999
-6.152507481086
-6.337325420740
-6.514474338642
-6.683731946097
-6.844867019747
-6.997696368193
-7.142094011848
-7.277912983050
-7.404888821157
-7.522608557891
-7.630519856629
-7.727897632228
-7.813809136170
-7.887166694876
-7.946872992743
-7.991999269657
-8.021874676420
-8.036029237566
-8.034132116660
-8.016039083771
-7.981864645429
-7.932039042999
-7.867414452534
-7.789331166524
-7.699491986519
-7.599730313569
-7.491817091132
-7.377320103667
-7.257539290930
-7.133524306129
-7.006110412435
-6.875940020193
-6.743501161172
-6.609162089952
-6.473132075850
-6.335387451278
-6.195679565972
-6.053670090905
-5.909134442595
-5.762130142258
-5.613041783702
-5.462494725212
-5.311186010947
-5.159687817804
-5.008300597372
-4.857005662082
-4.705549389535
-4.553629357066
-4.401048486485
-4.247772748045
-4.093945232275
-3.939868931400
-3.785925340760
-3.632488146329
-3.479912500292
-3.328571493732
-3.178889117278
-3.031372125265
-2.886653261317
-2.745553171221
-2.609153424236
-2.478787194232
-2.355901627647
-2.241916656458
-2.138178082129
-2.046026717532
-1.966947344399
-1.902720001018
-1.855536386829
-1.827998876348
-1.822903563043
-1.842803092506
-1.889493484865
-1.963667694004
-2.064862731663
-2.191662063506
-2.342027713873
-2.513615305596
-2.703963370715
-2.910555729046
-3.130862522349
-3.362387390744
-3.602669802602
-3.849306987417
-4.100081526803
-4.353153356553
-4.607210305492
-4.861445568106
-5.115336877409
-5.368430412720
-5.620340724216
-5.870889564636
-6.120131120003
-6.368245043132
-6.615488571618
-6.862205740990
-7.108735874206
-7.355282917525
-7.601921521093
-7.848675883438
-8.095522900357
-8.342360065486
-8.589019125847
-8.835306440513
-9.081040388414
-9.326041074872
-9.570050820748
-9.812677287392
-10.053461042063
-10.292017539640
-10.528126164581
-10.761729908288
-10.992856852581
-11.221515576147
-11.447642882978
-11.671091586150
-11.891624914526
-12.108916783535
-12.322534230313
-12.531902919567
-12.736309450362
-12.934960732354
-13.127050170898
-13.311793223114
-13.488428679078
-13.656180082438
-13.814212510826
-13.961628924378
-14.097453621178
-14.220546339278
-14.329527196734
-14.422816489210
-14.498746700450
-14.555595686646
-14.591419098201
-14.603784851869
-14.589780130301
-14.546508373173
-14.471835801985
-14.364903558653
-14.226073892925
-14.056414580461
-13.857153548717
-13.629461557437
-13.374565996057
-13.093924768241
-12.789241289409
-12.462350789881
-12.115124619640
-11.749435197656
-11.367148936476
-10.970159098492
-10.560474950264
-10.140272145888
-9.711763187127
-9.276935934224
-8.837362626973
-8.394164417557
-7.948068932163
-7.499510957276
-7.048798067641
-6.596319720766
-6.142649312735
-5.688474278654
-5.234508270651
-4.781471687736
-4.330068484679
-3.880960030060
-3.434772840762
-2.992089477784
-2.553367080492
-2.118830525016
-1.688447812045
-1.262031399095
-0.839381924355
-0.420370075336
-0.004973288183
0.406673853604
0.814243898176
1.217265069203
1.615241320711
2.007767023722
2.394589358582
2.775612129607
3.150795804147
3.519961356664
3.882666862645
4.238278206956
4.586139763010
4.925672959977
5.256378695223
5.577840498934
5.889725031557
6.191707360763
6.483373085910
6.764186743033
7.033531854703
7.290781678778
7.535354176400
7.766726690247
7.984406720338
8.187898009372
8.376719927327
8.550481402458
8.708933109240
8.851941417619
8.979444626402
9.091499562848
9.188402506635
9.270713300205
9.339122115616
9.394330539767
9.437084506517
9.468274373700
9.488922829135
9.500038051741
9.502528236920
9.497286506867
9.485269205892
9.467397984127
9.444380568782
9.416666840713
9.384587904486
9.348491214826
9.308717750112
9.265479247673
9.218810698038
9.168689437334
9.115240432789
9.058869035199
9.000212756456
8.939963377033
8.878701898181
8.816806867087
8.754433647840
8.691593534183
8.628306311424
8.564689519804
8.500910737492
8.437125648976
8.373491629264
8.310164182274
8.247227471268
8.184632566150
8.122234507006
8.059941355774
7.997853425742
7.936266683777
7.875588868831
7.816262483744
7.758684351253
7.703146974839
7.649852944432
7.598960097286
7.550608243101
7.504915476208
7.461958200563
7.421774421899
7.384418340880
7.350006523684
7.318680867706
7.290558634317
7.265737186790
7.244296870565
7.226252807000
7.211516009000
7.199930162880
7.191355924810
7.185738830410
7.183110123647
7.183561580679
7.187255550186
7.194428511188
7.205348555344
7.220244967199
7.239259302108
7.262461031330
7.289901268530
7.321645812671
7.357785511517
7.398454934101
7.443837067905
7.494092541535
7.549201324946
7.608812026516
7.672224023195
7.738513167202
7.806723804480
7.876047458109
7.945917579075
8.016007623769
8.086154982060
8.156236215359
8.226061456397
8.295363431937
8.363873932006
8.431383061665
8.497681394778
8.562435101048
8.625176731412
8.685458721143
8.742959279951
8.797400752118
8.848438438109
8.895673714672
8.938711504020
8.977124787264
9.010360052426
9.037712815236
9.058371700257
9.071439555258
9.075904375203
9.070590563461
9.054174331522
9.025345440163
8.983025681428
8.926508665045
8.855547289894
8.770436530291
8.672034088900
8.561646650486
8.440762551239
8.310692037440
8.172277971221
8.025861078002
7.871523262067
7.709422595456
7.540028304992
7.364192687560
7.183071532189
6.997924447422
6.809854506560
6.619617735130
6.427609196632
6.233992774427
6.038854237193
5.842313411865
5.644607401561
5.446109891619
5.247261806011
5.048474506537
4.850047349149
4.652132994604
4.454772475978
4.257945613551
4.061604823352
3.865702448859
3.670205604788
3.475100152151
3.280411102439
3.086244992679
2.892797460596
2.700286364672
2.508871320622
2.318620199405
2.129534316788
1.941620888237
1.754931946989
1.569533110846
1.385485859088
1.202883139345
1.021891074905
0.842773887214
0.665894652102
0.491700682572
0.320715000213
0.153520293034
-0.009274352874
-0.167061579787
-0.319247777008
-0.465289509939
-0.604774127295
-0.737461301717
-0.863227019594
-0.981977455530
-1.093595335454
-1.197925351689
-1.294778731541
-1.383950337685
-1.465266172688
-1.538624908864
-1.603971165432
-1.661251080415
-1.710467657907
-1.751824599335
-1.785858979724
-1.813487569630
-1.835919756519
-1.854436514323
-1.870121374222
-1.883695205399
-1.895526378684
-1.905764220379
-1.914517913443
-1.922001356103
-1.928573467890
-1.934676893786
-1.940715023638
-1.946892355142
-1.953079007957
-1.958807737220
-1.963443656471
-1.966404000455
-1.967291866703
-1.965910164201
-1.962214202715
-1.956278331491
-1.948254412410
-1.938308738455
-1.926619261948
-1.913459152047
-1.899272491607
-1.884679587841
-1.870430533028
-1.857325531581
-1.846112036464
-1.837382835643
-1.831508938538
-1.828649132490
-1.828833558262
-1.832050232474
-1.838277200380
-1.847478150922
-1.859619546052
-1.874694530512
-1.892689160058
-1.913514536146
-1.936972564576
-1.962774047249
-1.990603743782
-2.020210631860
-2.051463541501
-2.084327186179
-2.118814464261
-2.154981729020
-2.192961282927
-2.232999014704
-2.275434806579
-2.320632115405
-2.368934357760
-2.420633149658
-2.475933382874
-2.534950744937
-2.597741082324
-2.664353649266
-2.734879490919
-2.809451257083
-2.888167201678
-2.970996336162
-3.057763584417
-3.148215081971
-3.242092917383
-3.339130126010
-3.438992141792
-3.541289306124
-3.645643782379
-3.751731891021
-3.859280709498
-3.968028580516
-4.077700101972
-4.188026399960
-4.298793997845
-4.409864811014
-4.521136256550
-4.632475650361
-4.743683178081
-4.854526440241
-4.964806197365
-5.074367617315
-5.183059594122
-5.290703277062
-5.397093276029
-5.502001962522
-5.605165848745
-5.706310289069
-5.805212868849
-5.901711399575
-5.995650732860
-6.086845292376
-6.175066730088
-6.260022447081
-6.341358418081
-6.418725634100
-6.491889065777
-6.560798203970
-6.625546722195
-6.686264458084
-6.743038838475
-6.795899211390
-6.844837357118
-6.889844817807
-6.930942819142
-6.968183759330
-7.001635376325
-7.031367131154
-7.057454436228
-7.079989475190
-7.099068374043
-7.114756381207
-7.127066600380
-7.135971439250
-7.141426197352
-7.143359128571
-7.141642616858
-7.136101150916
-7.126566506884
-7.112935644053
-7.095152821436
-7.073131196430
-7.046731196417
-7.015836741904
-6.980432778035
-6.940615249474
-6.896562833899
-6.848496975579
-6.796655148074
-6.741285822957
-6.682661298322
-6.621122944157
-6.557125753743
-6.491213788075
-6.423915261430
-6.355608149792
-6.286416317008
-6.216193809365
-6.144625972833
-6.071406372389
-5.996384782793
-5.919590295405
-5.841118542134
-5.760978862123
-5.679015761772
-5.594929176744
-5.508369436549
-5.419054861789
-5.326832472737
-5.231659172757
-5.133547662473
-5.032541551845
-4.928742420990
-4.822341369320
-4.713611117056
-4.602851588650
-4.490299913331
-4.376049656658
-4.260059815862
-4.142261982670
-4.022670369277
-3.901427190951
-3.778773950052
-3.654959778064
-3.530155592475
-3.404436032007
-3.277811105594
-3.150266530659
-3.021784586056
-2.892349477813
-2.761956155597
-2.630641238638
-2.498517994203
-2.365767666943
-2.232594983011
-2.099189339539
-1.965715447980
-1.832328178062
-1.699181302307
-1.566426200086
-1.434202393797
-1.302611693635
-1.171729423881
-1.041664285356
-0.912594198944
-0.784750901856
-0.658380434694
-0.533698738930
-0.410840701822
-0.289831292438
-0.170607278081
-0.053056593947
0.062954973903
0.177548399002
0.290775493382
0.402594631581
0.512929387241
0.621759992449
0.729155690203
0.835220988153
0.940017263974
1.043515919168
1.145573152809
1.245953198888
1.344428635292
1.440898115811
1.535420862864
1.628131793346
1.719109434538
1.808294743421
1.895510465513
1.980547891566
2.063238325674
2.143489164187
2.221304785000
2.296770459168
2.369983924992
2.440993247061
2.509809194773
2.576439800677
2.640880536585
2.703108216129
2.763113651690
2.820941794224
2.876687019493
2.930428592484
2.982180988407
3.031890271724
3.079435122279
3.124627826481
3.167228418942
3.206986781221
3.243697286308
3.277241561687
3.307588651804
3.334733147884
3.358626851801
3.379133383423
3.396005652744
3.408918352232
3.417567149552
3.421776345540
3.421532198990
3.416918631673
3.407998943670
3.394708849528
3.376833878072
3.354110377450
3.326387611217
3.293726822630
3.256398969146
3.214835302547
3.169562829653
3.121164967003
3.070277762547
3.017568157873
2.963694890202
2.909265114646
2.854764574074
2.800498778048
2.746611228638
2.693169137421
2.640231528084
2.587833530686
2.535921805642
2.484325517908
2.432777082716
2.380955224871
2.328559035403
2.275378161653
2.221307077717
2.166343572423
2.110593965929
2.054232897889
1.997428298527
1.940292806245
1.882871586888
1.825149620772
1.767074660281
1.708586468396
1.649647730307
1.590274479751
1.530529928752
1.470473223770
1.410113311055
1.349415216413
1.288340042800
1.226895097230
1.165189147382
1.103438054467
1.041909931454
0.980867836516
0.920555829038
0.861207928704
0.803035448250
0.746212224230
0.690894247164
0.637244322786
0.585403913490
0.535440443940
0.487339869699
0.441039421473
0.396472064615
0.353595522748
0.312383155945
0.272816077410
0.234882110429
0.198554362114
0.163773086139
0.130441506466
0.098423909577
0.067558060217
0.037706013232
0.008802980431
-0.019160014476
-0.046186909092
-0.072278113545
-0.097376281607
-0.121340797076
-0.143972205883
-0.165031539478
-0.184238554885
-0.201247768471
-0.215644691038
-0.227010493420
-0.234987214684
-0.239288953646
-0.239696178390
-0.236048367033
-0.228220690820
-0.216113615170
-0.199698976764
-0.179086178176
-0.154557892292
-0.126556982955
-0.095607407380
-0.062198648754
-0.026696079105
0.010679049750
0.049773321497
0.090375278045
0.132163453152
0.174731543409
0.217603198168
0.260264008939
0.302256728842
0.343288853019
0.383273678049
0.422270315570
0.460391623305
0.497751017809
0.534439137460
0.570510455142
0.605967535341
0.640766198060
0.674847544237
0.708157478221
0.740656496642
0.772337357045
0.803209585913
0.833251402078
0.862409413143
0.890641708230
0.917925681857
0.944245708510
0.969624379033
0.994149220637
1.017945438088
1.041142123414
1.063864393358
1.086220992770
1.108253374274
1.129905433267
1.151057388153
1.171564681107
1.191273793255
1.210029927159
1.227688506613
1.244099793772
1.259048862347
1.272212684247
1.283182567839
1.291534041448
1.296864078352
1.298778518923
1.296884482965
1.290788319765
1.280095726814
1.264435030724
1.243515417218
1.217206747727
1.185590724028
1.148953189265
1.107719088042
1.062337672879
1.013150451529
0.960303453382
0.903763410103
0.843418189857
0.779173523249
0.711003383870
0.638962517989
0.563176476543
0.483835348700
0.401201336656
0.315615865609
0.227490336698
0.137278704385
0.045434114164
-0.047630894518
-0.141543723265
-0.235948993393
-0.330503543696
-0.424877544701
-0.518764718838
-0.611913593266
-0.704185939269
-0.795612768973
-0.886355221713
-0.976602939010
-1.066491621254
-1.156050937921
-1.245214979726
-1.333890036585
-1.422021801395
-1.509614517070
-1.596701180835
-1.683305343748
-1.769403326067
-1.854882312073
-1.939528492386
-2.023069507649
-2.105248145492
-2.185867919248
-2.264767538282
-2.341762176673
-2.416616069293
-2.489050088190
-2.558752933935
-2.625390866548
-2.688620282114
-2.748106469746
-2.803545095697
-2.854643896215
-2.901092250832
-2.942566295851
-2.978746126345
-3.009324320331
-3.033985875566
-3.052402227295
-3.064300627953
-3.069554118227
-3.068205224453
-3.060441477823
-3.046569307540
-3.026970935537
-3.002034062906
-2.972085195816
-2.937364560022
-2.898050525733
-2.854301855774
-2.806281360816
-2.754157915108
-2.698110374841
-2.638345786518
-2.575116452237
-2.508708252187
-2.439410860041
-2.367509286514
-2.293279438669
-2.216970253422
-2.138792449215
-2.058919299712
-1.977495202424
-1.894658169361
-1.810560731131
-1.725369882618
-1.639259095756
-1.552397398720
-1.464946640256
-1.377056775481
-1.288835908472
-1.200342177228
-1.111612379849
-1.022675378972
-0.933552102271
-0.844278105265
-0.754944270538
-0.665690745034
-0.576655102900
-0.487963006329
-0.399759675755
-0.312216583604
-0.225504769661
-0.139759269803
-0.055070966543
0.028493655486
0.110877307739
0.192013437318
0.271808501421
0.350146285081
0.426911383714
0.502009804696
0.575373571053
0.646959210593
0.716744251719
0.784721232182
0.850879558280
0.915176139904
0.977534007206
1.037870127471
1.096118667515
1.152241969817
1.206222999078
1.258048698521
1.307703383012
1.355162027740
1.400371252303
1.443232443102
1.483619813708
1.521423533599
1.556573147028
1.589032571904
1.618791903015
1.645866277597
1.670288736781
1.692113284017
1.711439712312
1.728433252900
1.743320728662
1.756385606815
1.767969182901
1.778444329302
1.788173645584
1.797479932333
1.806621649161
1.815767742753
1.824987839079
1.834287364811
1.843663848071
1.853136301077
1.862746298983
1.872549181135
1.882600899530
1.892917355358
1.903435965040
1.914036063597
1.924585308497
1.934957187004
1.945024485104
1.954667365809
1.963774915961
1.972211536510
1.979786878238
1.986270630659
1.991439732973
1.995111156952
1.997178163484
1.997648232459
1.996622514458
1.994224614549
1.990545896467
1.985649855391
1.979594156306
1.972436769189
1.964252902006
1.955137538040
1.945161459734
1.934311782654
1.922468531163
1.909444311659
1.895051225334
1.879161827419
1.861752743152
1.842891084794
1.822654742647
1.801052712230
1.778006005678
1.753385256702
1.727061368019
1.698937897691
1.668961046542
1.637096286389
1.603286631034
1.567442272063
1.529470853491
1.489314536581
1.446966237286
1.402461421884
1.355861880824
1.307251914081
1.256742431565
1.204472626637
1.150610123219
1.095340864199
1.038847049257
0.981288026686
0.922811756219
0.863591459341
0.803835101085
0.743741092838
0.683439601022
0.622973690242
0.562323161727
0.501442212317
0.440295888952
0.378891323661
0.317279082614
0.255513744571
0.193617951849
0.131587249889
0.069426342150
0.007176889592
-0.055089884072
-0.117308944605
-0.179447914602
-0.241488595542
-0.303403378708
-0.365145492011
-0.426638727017
-0.487793236591
-0.548524084856
-0.608746209968
-0.668371419336
-0.727312707541
-0.785490500543
-0.842836325700
-0.899285487960
-0.954774713172
-1.009253969887
-1.062687513289
-1.115044527181
-1.166291117185
-1.216380094360
-1.265254933445
-1.312851533323
-1.359084866197
-1.403848654595
-1.447014867749
-1.488440197241
-1.528003985118
-1.565628397703
-1.601252103538
-1.634788238853
-1.666092469463
-1.694970242751
-1.721214554374
-1.744623594972
-1.765000246010
-1.782156106645
-1.795907427876
-1.806055288009
-1.812378143639
-1.814658338157
-1.812710925864
-1.806391261584
-1.795594190454
-1.780251050715
-1.760314039377
-1.735748574808
-1.706554311265
-1.672779142405
-1.634523933219
-1.591961227957
-1.545349303384
-1.495023740742
-1.441358183457
-1.384703186484
-1.325357787868
-1.263586660990
-1.199631755561
-1.133709685490
-1.066005000103
-0.996658042358
-0.925771605651
-0.853433386184
-0.779733598445
-0.704771129274
-0.628647725310
-0.551479400423
-0.473411603998
-0.394609975000
-0.315248251058
-0.235499917253
-0.155530325272
-0.075491584425
0.004484455649
0.084295723728
0.163873039544
0.243164586531
0.322110596399
0.400637248696
0.478672288481
0.556157945159
0.633042512188
0.709267391356
0.784775098385
0.859523875283
0.933480602598
1.006596291405
1.078802070204
1.150019531135
1.220164112801
1.289156112214
1.356929986014
1.423424508935
1.488567841372
1.552279435028
1.614478435022
1.675082655713
1.734013905330
1.791215346031
1.846654518273
1.900308002136
1.952150549134
2.002152265994
2.050270950074
2.096431292510
2.140503412629
2.182302568649
2.221622551089
2.258278634750
2.292137916345
2.323134712274
2.351243317000
2.376425989216
2.398613626865
2.417725141868
2.433690598856
2.446455793109
2.455982197278
2.462252116681
2.465266206465
2.465030179170
2.461536397557
2.454767883831
2.444742257354
2.431553249677
2.415373836171
2.396433973109
2.374993680796
2.351322427343
2.325679282079
2.298301775543
2.269424918047
2.239309885136
2.208244360075
2.176502638565
2.144297191813
2.111747793074
2.078881481627
2.045668996664
2.012068211271
1.978054379369
1.943630284038
1.908822837303
1.873672410703
1.838203865384
1.802393643390
1.766167447158
1.729442143655
1.692176073357
1.654384254784
1.616125356793
1.577483615925
1.538551599719
1.499420616026
1.460184635241
1.420953138256
1.381867363828
1.343106317015
1.304877611940
1.267401513107
1.230895784324
1.195562319977
1.161571044069
1.129044077085
1.098047685274
1.068606494251
1.040725698996
1.014403334590
0.989643625107
0.966472097745
0.944938823818
0.925096665646
0.906971350637
0.890557081584
0.875833452886
0.862768579891
0.851315211036
0.841422477854
0.833069525101
0.826299103847
0.821206070899
0.817893647951
0.816435298018
0.816861213195
0.819172581008
0.823364380934
0.829423191757
0.837290594207
0.846835062327
0.857845216527
0.870032956797
0.883073945702
0.896673659046
0.910593385221
0.924617820584
0.938521999234
0.952086389430
0.965126455410
0.977501437613
0.989120308875
0.999937294490
1.009929326984
1.019068876136
1.027309338479
1.034602221829
1.040919565198
1.046256348771
1.050610215668
1.053943669776
1.056169519397
1.057170342990
1.056820404221
1.054991342103
1.051541429291
1.046313696950
1.039152200424
1.029910639727
1.018451999511
1.004659594351
0.988450400882
0.969773389229
0.948618681698
0.925042755747
0.899157487257
0.871097424973
0.841000807402
0.808989874099
0.775164496569
0.739615646764
0.702442399742
0.663765077062
0.623723484367
0.582460559106
0.540101606138
0.496741971602
0.452448572486
0.407263460258
0.361210946011
0.314299794886
0.266527112335
0.217900834947
0.168453602895
0.118251180676
0.067400427863
0.016039242141
-0.035670799225
-0.087542352753
-0.139377746392
-0.191002590212
-0.242289833221
-0.293170918847
-0.343631088635
-0.393684499163
-0.443350706275
-0.492631435023
-0.541499693401
-0.589912422205
-0.637813949596
-0.685130304102
-0.731770401901
-0.777631734907
-0.822605265059
-0.866573262644
-0.909411303392
-0.951007468031
-0.991283969628
-1.030205663483
-1.067773011764
-1.103999072657
-1.138900307104
-1.172501380412
-1.204836564984
-1.235945837293
-1.265842976826
-1.294486488482
-1.321796767349
-1.347691835411
-1.372107817166
-1.395000195784
-1.416315331551
-1.435954063324
-1.453770034494
-1.469577914986
-1.483148488347
-1.494218371208
-1.502520259710
-1.507807736459
-1.509864537172
-1.508511463263
-1.503621566708
-1.495146702303
-1.483134045933
-1.467701064829
-1.448994026166
-1.427158094090
-1.402323835120
-1.374633980315
-1.344278241350
-1.311498308803
-1.276560000364
-1.239704199052
-1.201111729862
-1.160890005223
-1.119088499691
-1.075761671825
-1.031055166464
-0.985229169548
-0.938606032958
-0.891508561653
-0.844206808044
-0.796877405391
-0.749591278534
-0.702344645399
-0.655108947288
-0.607855013640
-0.560546908623
-0.513134392050
-0.465567385010
-0.417813369592
-0.369860861361
-0.321716745757
-0.273403669752
-0.224965475801
-0.176483179236
-0.128078207256
-0.079887461275
-0.032034888806
0.015384350642
0.062304677970
0.108676743761
0.154445512380
0.199531908803
0.243845109452
0.287322702596
0.329955156283
0.371775436853
0.412847873238
0.453267652485
0.493155852854
0.532643952904
0.571847221056
0.610848215773
0.649696406371
0.688411465720
0.726989064840
0.765396446868
0.803547110289
0.841280530468
0.878383463019
0.914634620141
0.949827952856
0.983777455126
1.016311227796
1.047253017632
1.076418685613
1.103642835924
1.128803354606
1.151821644522
1.172661334285
1.191334718624
1.207895062046
1.222402324148
1.234873982640
1.245278680835
1.253590155420
1.259826478044
1.264055414709
1.266388381418
1.266958728281
1.265894336478
1.263301297025
1.259269632135
1.253886667570
1.247237553902
1.239396752041
1.230421682657
1.220353447479
1.209231187374
1.197109372545
1.184053088242
1.170116895160
1.155334806925
1.139737687715
1.123372397132
1.106295456734
1.088555777427
1.070175568622
1.051139289991
1.031401120205
1.010909228958
0.989647122568
0.967663440423
0.945066198453
0.921975594595
0.898472656443
0.874598592942
0.850390205170
0.825926325319
0.801350073911
0.776839622465
0.752562922509
0.728653972630
0.705220161055
0.682372619608
0.660254487891
0.639042622464
0.618914799071
0.600009588907
0.582431825963
0.566275242144
0.551605682277
0.538438882654
0.526742950331
0.516460818320
0.507541376662
0.499957716772
0.493704178502
0.488768461657
0.485099422057
0.482607845048
0.481194021765
0.480775853707
0.481305916441
0.482771675687
0.485170799085
0.488475008305
0.492615900893
0.497500478965
0.503049904279
0.509232046953
0.516042937385
0.523459372767
0.531414265851
0.539800207240
0.548501312032
0.557434476950
0.566582325695
0.576000029309
0.585780652673
0.596020159010
0.606800890871
0.618175034148
0.630145043836
0.642669059563
0.655694621838
0.669168820381
0.683032555917
0.697236661568
0.711736288728
0.726460355112
0.741310950963
0.756194448526
0.771055849879
0.785895268338
0.800761506270
0.815731435640
0.830892742128
0.846333957261
0.862131468448
0.878342915077
0.895013646448
0.912189641415
0.929916502112
0.948203504339
0.966990849908
0.986160947367
1.005561190637
1.025007539295
1.044293766826
1.063219439990
1.081609009616
1.099308733597
1.116190563543
1.132159629858
1.147137507748
1.161047192969
1.173823179557
1.185428553518
1.195853857166
1.205092060786
1.213111790932
1.219844879763
1.225187980694
1.229025796393
1.231273406487
1.231914430825
1.231007174723
1.228657657933
1.224975175954
1.220035288844
1.213883093969
1.206560089253
1.198110005136
1.188559372004
1.177908449517
1.166153267616
1.153309594697
1.139388378322
1.124358102159
1.108162777379
1.090763509369
1.072163977304
1.052415396983
1.031598328522
1.009791011496
0.987045273459
0.963381525655
0.938807367220
0.913351395593
0.887057395546
0.859946103077
0.832011029664
0.803237247633
0.773595849611
0.743037271254
0.711515832549
0.679009605917
0.645514227398
0.611042623055
0.575638503221
0.539372567780
0.502321743008
0.464558798387
0.426164887001
0.387254017527
0.347979873528
0.308507096069
0.268974255260
0.229481759036
0.190089009544
0.150822391573
0.111715828430
0.072846407764
0.034333193910
-0.003672919353
-0.040994372142
-0.077459937354
-0.112944610961
-0.147353256563
-0.180556767001
-0.212357033960
-0.242504562750
-0.270731827953
-0.296791938894
-0.320485001563
-0.341676616799
-0.360317343916
-0.376428900047
-0.390063940241
-0.401279643673
-0.410135291330
-0.416708674904
-0.421102812173
-0.423440208350
-0.423857276201
-0.422481611137
-0.419403925978
-0.414658833931
-0.408224017221
-0.400043311851
-0.390054382119
-0.378207667387
-0.364486351619
-0.348922016942
-0.331580471140
-0.312543917142
-0.291906287947
-0.269760057552
-0.246187498035
-0.221269585992
-0.195106135422
-0.167829256520
-0.139594757584
-0.110568452479
-0.080924988971
-0.050844412314
-0.020499211279
0.009944494198
0.040315455789
0.070443504491
0.100174808583
0.129390820105
0.158024108814
0.186042618828
0.213426961669
0.240166511230
0.266253340043
0.291672107552
0.316392377613
0.340368097495
0.363548878363
0.385891149946
0.407361075900
0.427931693133
0.447579924116
0.466289617487
0.484051082890
0.500849287516
0.516653453622
0.531409970250
0.545044355145
0.557489070217
0.568713497363
0.578719117287
0.587517217823
0.595115255929
0.601513329155
0.606708348912
0.610701239184
0.613502839574
0.615122566491
0.615547271079
0.614729893698
0.612579584645
0.608953617797
0.603688572842
0.596663366881
0.587826855378
0.577176616540
0.564725341110
0.550475556372
0.534398285979
0.516440494920
0.496569928276
0.474803290600
0.451182207175
0.425732899686
0.398466689660
0.369427215989
0.338740923249
0.306617111983
0.273299052783
0.239011556866
0.203933069043
0.168193902679
0.131889931616
0.095097346119
0.057874830709
0.020253324447
-0.017761119553
-0.056160973280
-0.094918250328
-0.133993198127
-0.173343168362
-0.212916262176
-0.252652499813
-0.292498595717
-0.332414400164
-0.372364944746
-0.412327279679
-0.452301522177
-0.492293043638
-0.532284310774
-0.572219105991
-0.612000224368
-0.651499153266
-0.690565068445
-0.729038022538
-0.766784570040
-0.803721140956
-0.839803229919
-0.875014113681
-0.909347467771
-0.942773558735
-0.975221378164
-1.006588431132
-1.036759536905
-1.065613611173
-1.093017605469
-1.118828667016
-1.142888018176
-1.164993157568
-1.184887191756
-1.202297842401
-1.217016376441
-1.228942102992
-1.238044314343
-1.244289001807
-1.247611636678
-1.247946749683
-1.245258704494
-1.239570990006
-1.230997092276
-1.219727702352
-1.205974368637
-1.189923849518
-1.171726142500
-1.151500277716
-1.129350801979
-1.105391582370
-1.079744508997
-1.052512614276
-1.023769677156
-0.993572907330
-0.961982211122
-0.929082898922
-0.895008016198
-0.859937624307
-0.824080734759
-0.787664243342
-0.750916864596
-0.714039443942
-0.677191569255
-0.640514151381
-0.604153085016
-0.568255147237
-0.532945866913
-0.498320815447
-0.464462877783
-0.431438437880
-0.399269060110
-0.367934925933
-0.337397971755
-0.307626520372
-0.278630242031
-0.250465085343
-0.223211108920
-0.196947273634
-0.171719038296
-0.147523497421
-0.124328147192
-0.102115956894
-0.080917955112
-0.060795147668
-0.041811724052
-0.024029677576
-0.007492002035
0.007788860021
0.021810992359
0.034552327691
0.045951177703
0.055909075208
0.064315750804
0.071086377963
0.076189530850
0.079642812419
0.081481657375
0.081726837346
0.080364736898
0.077352516939
0.072654055157
0.066276039584
0.058273736163
0.048736001454
0.037761769221
0.025437721012
0.011832472372
-0.002998281753
-0.018990982501
-0.036043870887
-0.054019670843
-0.072776860018
-0.092198511496
-0.112201110744
-0.132714908829
-0.153650222300
-0.174881362999
-0.196269866276
-0.217698966784
-0.239093444316
-0.260422574639
-0.281690485930
-0.302919300073
-0.324114137167
-0.345213778550
-0.366067743193
-0.386461368979
-0.406161369821
-0.424951228689
-0.442644710225
-0.459085426479
-0.474138111461
-0.487675419543
-0.499569882144
-0.509693129103
-0.517918209573
-0.524133718841
-0.528273108771
-0.530332696131
-0.530352068962
-0.528384816880
-0.524498260296
-0.518760581693
-0.511212685761
-0.501869982099
-0.490740827126
-0.477850344613
-0.463252930852
-0.447024396211
-0.429260597687
-0.410087726900
-0.389676308495
-0.368248488989
-0.346067727304
-0.323413891919
-0.300556721836
-0.277723476839
-0.255060504759
-0.232626276451
-0.210420137788
-0.188408705512
-0.166543158363
-0.144787376874
-0.123152614957
-0.101708117710
-0.080558199361
-0.059809081374
-0.039535911614
-0.019759103848
-0.000456860485
0.018395567005
0.036791548011
0.054684633627
0.072008510346
0.088701740290
0.104735218235
0.120131406391
0.134951020070
0.149254685058
0.163072673588
0.176403159339
0.189226179598
0.201525405600
0.213304804210
0.224585885644
0.235378357036
0.245649354219
0.255327021940
0.264328277123
0.272591501748
0.280094481181
0.286843789144
0.292848375292
0.298098243565
0.302561733869
0.306196425530
0.308962436273
0.310839820727
0.311832454752
0.311950421196
0.311196426563
0.309560042793
0.307027691494
0.303612296083
0.299370323788
0.294394408829
0.288784364694
0.282611343152
0.275897844040
0.268611705123
0.260687907724
0.252083867666
0.242828180501
0.233027783736
0.222830674767
0.212370529514
0.201732354183
0.190947572441
0.180017667302
0.168951821690
0.157778182399
0.146537779251
0.135284830951
0.124093186520
0.113060050601
0.102291516958
0.091878188723
0.081876179018
0.072297839919
0.063113038635
0.054265157682
0.045707314192
0.037430319787
0.029449042607
0.021776839659
0.014423343619
0.007409612325
0.000782019413
-0.005391883671
-0.011049331390
-0.016145497206
-0.020637713980
-0.024475181336
-0.027589213681
-0.029884083234
-0.031254400521
-0.031624247392
-0.030976955457
-0.029349295474
-0.026797255037
-0.023358648487
-0.019036743456
-0.013814926946
-0.007680707367
-0.000637839216
0.007274837932
0.015980015011
0.025403099059
0.035503054110
0.046260939618
0.057662221935
0.069694040108
0.082337038734
0.095546258957
0.109253800678
0.123403225069
0.137974043570
0.152965937991
0.168370402712
0.184152608594
0.200250306052
0.216598456178
0.233153700750
0.249893553531
0.266796356677
0.283812365483
0.300848957660
0.317787457173
0.334505445344
0.350889715232
0.366838485413
0.382252403809
0.397029706865
0.411066704967
0.424259564859
0.436503680460
0.447698295441
0.457760068387
0.466636425042
0.474314484502
0.480816810267
0.486200942430
0.490560176127
0.493998730245
0.496609037146
0.498474712549
0.499671545231
0.500251987327
0.500237147390
0.499624886852
0.498400851286
0.496536220515
0.493976443507
0.490642624198
0.486453797089
0.481347259740
0.475265904239
0.468137758856
0.459885311845
0.450454785372
0.439832308223
0.428040191646
0.415125523152
0.401147212227
0.386170825515
0.370269125371
0.353526551828
0.336046798610
0.317947575498
0.299345044642
0.280333561202
0.260969083794
0.241280257677
0.221295241795
0.201051947507
0.180590877505
0.159956798387
0.139207233160
0.118411148346
0.097638932431
0.076943862223
0.056355283390
0.035895236653
0.015598555120
-0.004468171179
-0.024191372184
-0.043422427385
-0.062004151735
-0.079792152024
-0.096674079182
-0.112577025853
-0.127463999547
-0.141314650759
-0.154100389107
-0.165784419314
-0.176331817709
-0.185717772044
-0.193939995822
-0.201017939084
-0.206980229962
-0.211870735431
-0.215759788642
-0.218728806484
-0.220858288746
-0.222230516307
-0.222933095265
-0.223061658832
-0.222713246007
-0.221978903304
-0.220934706328
-0.219635067405
-0.218118619987
-0.216416890635
-0.214553992523
-0.212532429967
-0.210323975792
-0.207874888520
-0.205110518600
-0.201959131208
-0.198389853186
-0.194423594409
-0.190123619959
-0.185584773184
-0.180905514834
-0.176145243333
-0.171316719221
-0.166420791477
-0.161486827701
-0.156591696725
-0.151844924173
-0.147362639413
-0.143250806789
-0.139594015340
-0.136461038629
-0.133916818121
-0.132026043525
-0.130861447999
-0.130503502860
-0.131025967123
-0.132480071051
-0.134881905500
-0.138212638006
-0.142436864383
-0.147525730002
-0.153473105667
-0.160307803849
-0.168091419548
-0.176902694900
-0.186834172875
-0.197991568051
-0.210473146519
-0.224354665727
-0.239694323564
-0.256534197604
-0.274896103764
-0.294772077936
-0.316120617965
-0.338893637209
-0.363058666955
-0.388598873881
-0.415509120865
-0.443782796790
-0.473407963960
-0.504369750621
-0.536640205136
-0.570166151723
-0.604868001349
-0.640649574736
-0.677402457855
-0.715008215041
-0.753354525694
-0.792347870258
-0.831905778471
-0.871947040431
-0.912404462130
-0.953247824327
-0.994472782342
-1.036068623367
-1.078011679798
-1.120272724236
-1.162816646202
-1.205599572703
-1.248577647844
-1.291723011183
-1.335016440343
-1.378420918939
-1.421862364625
-1.465224105867
-1.508360880696
-1.551122353041
-1.593367291295
-1.634971736495
-1.675830009978
-1.715829380748
-1.754807602963
-1.792535480106
-1.828737825352
-1.863134898290
-1.895467091923
-1.925476203042
-1.952883999280
-1.977400584877
-1.998735566096
-2.016604169303
-2.030737774519
-2.040906334094
-2.046950063143
-2.048795668702
-2.046455734088
-2.040025049077
-2.029679195877
-2.015660641051
-1.998243030744
-1.977695096598
-1.954260021887
-1.928149343023
-1.899546940424
-1.868610405616
-1.835460251198
-1.800176221966
-1.762801930879
-1.723356589838
-1.681881110059
-1.638479324111
-1.593308663879
-1.546558245861
-1.498432483084
-1.449123573578
-1.398792731421
-1.347573334945
-1.295581920077
-1.242929103287
-1.189718160301
-1.136045492979
-1.082016950847
-1.027751970145
-0.973366802579
-0.918954128600
-0.864582302085
-0.810318237679
-0.756241211199
-0.702435986707
-0.648992204598
-0.596006270453
-0.543569228581
-0.491754419063
-0.440607167192
-0.390147877844
-0.340388139863
-0.291338355134
-0.243009122422
-0.195409672033
-0.148551375770
-0.102460341714
-0.057189612464
-0.012832227906
0.030476793459
0.072584258286
0.113337945899
0.152580113245
0.190140078152
0.225842153807
0.259512597146
0.290975974312
0.320062929486
0.346637642076
0.370617033504
0.391956139411
0.410623487389
0.426591164962
0.439835398878
0.450341790663
0.458106807201
0.463151041782
0.465536078292
0.465354612636
0.462708425146
0.457690604219
0.450368059079
0.440780728099
0.428964553307
0.414974816699
0.398886379967
0.380787476801
0.360791852040
0.339052328764
0.315756780559
0.291103751622
0.265277608001
0.238437579097
0.210719809723
0.182243425129
0.153109449488
0.123399688795
0.093183155739
0.062525336808
0.031483783139
0.000097098849
-0.031610523757
-0.063621297559
-0.095917597711
-0.128472893882
-0.161251551666
-0.194214805277
-0.227321585848
-0.260525427311
-0.293774754240
-0.327011423818
-0.360167505180
-0.393160745704
-0.425884728598
-0.458211229231
-0.490011319965
-0.521169404998
-0.551584841480
-0.581172659259
-0.609859583187
-0.637571726008
-0.664223559475
-0.689725813192
-0.713993983976
-0.736947580330
-0.758519319059
-0.778662897635
-0.797348853374
-0.814554613959
-0.830254657483
-0.844421933535
-0.857033186070
-0.868065750862
-0.877489662667
-0.885259575924
-0.891335666217
-0.895717907261
-0.898451057559
-0.899616743741
-0.899315682621
-0.897642509095
-0.894675522360
-0.890484313804
-0.885152435639
-0.878800774434
-0.871586310769
-0.863687491980
-0.855288974221
-0.846549469177
-0.837570994435
-0.828401949569
-0.819059984069
-0.809533670250
-0.799772787491
-0.789704696299
-0.779257116652
-0.768366296142
-0.756985125757
-0.745084525903
-0.732644899282
-0.719648753292
-0.706077371454
-0.691930569640
-0.677253253418
-0.662141607955
-0.646735362991
-0.631201635273
-0.615725822091
-0.600506976814
-0.585745592091
-0.571625733666
-0.558301654026
-0.545897270008
-0.534506845538
-0.524190655966
-0.514973387944
-0.506854358980
-0.499833174291
-0.493927971678
-0.489170079074
-0.485588198877
-0.483197321736
-0.481990575635
-0.481930609815
-0.482953715122
-0.484965450172
-0.487825599068
-0.491364455854
-0.495426114859
-0.499912642208
-0.504798596840
-0.510104456501
-0.515860847813
-0.522078551285
-0.528743949278
-0.535829678624
-0.543268432721
-0.550927139589
-0.558681703423
-0.566555065550
-0.574721758661
-0.583338055082
-0.592396565470
-0.601744536370
-0.611191860511
-0.620578261315
-0.629814658403
-0.638938910506
-0.648110095544
-0.657498593416
-0.667164975442
-0.677030692370
-0.686940562288
-0.696771015277
-0.706517953272
-0.716288060839
-0.726190003713
-0.736218842392
-0.746241474321
-0.756075225433
-0.765558723760
-0.774577450353
-0.783073635817
-0.791031650177
-0.798430591866
-0.805204577956
-0.811244147642
-0.816446711675
-0.820772725234
-0.824249327635
-0.826931173065
-0.828860121598
-0.830039905153
-0.830420242320
-0.829909126387
-0.828427827389
-0.825954741617
-0.822514076972
-0.818133893227
-0.812823753025
-0.806570440302
-0.799328316144
-0.791038354112
-0.781682298042
-0.771305999761
-0.759974620195
-0.747720143663
-0.734540258971
-0.720418475720
-0.705315795042
-0.689166714328
-0.671921941066
-0.653575959229
-0.634126925612
-0.613545216835
-0.591811841849
-0.568939494577
-0.544945925443
-0.519843019398
-0.493652267782
-0.466429311214
-0.438266193273
-0.409265018160
-0.379502123503
-0.349004114304
-0.317775212167
-0.285851629543
-0.253314056696
-0.220265549063
-0.186817835830
-0.153077626753
-0.119129607733
-0.085048694013
-0.050917880021
-0.016818271284
0.017172769148
0.050968862814
0.084488614590
0.117681145601
0.150519345195
0.182979970151
0.215060450918
0.246798108800
0.278241240933
0.309415167208
0.340329985028
0.371014126420
0.401492335576
0.431734316750
0.461687696446
0.491345136900
0.520757381213
0.550008999560
0.579172399972
0.608218979498
0.636964388643
0.665147771617
0.692580495804
0.719213390463
0.745063731328
0.770109443702
0.794260855175
0.817375917353
0.839275371323
0.859791992881
0.878820993021
0.896312119439
0.912251715070
0.926653704755
0.939517442869
0.950786760829
0.960365831453
0.968171923847
0.974188646921
0.978502492772
0.981274388650
0.982643202808
0.982666208447
0.981338424735
0.978626926436
0.974492273686
0.968916726113
0.961931897065
0.953621361160
0.944101709095
0.933483867188
0.921825146210
0.909107321573
0.895260617375
0.880220133585
0.863980399511
0.846608850402
0.828193775518
0.808782819793
0.788376434458
0.766955907530
0.744518934520
0.721099880264
0.696764238026
0.671584553363
0.645616295961
0.618907038201
0.591521356561
0.563545724118
0.535064940358
0.506118768911
0.476682361189
0.446706055865
0.416170508740
0.385116363766
0.353645261371
0.321863935057
0.289807651381
0.257415360526
0.224570719302
0.191176005319
0.157212231515
0.122760902294
0.087973102438
0.052992396147
0.017873372992
-0.017439439833
-0.053071291938
-0.089156322876
-0.125759131649
-0.162820148913
-0.200183182380
-0.237683851861
-0.275220787383
-0.312761135655
-0.350300167170
-0.387818776729
-0.425263438731
-0.462550975310
-0.499583436660
-0.536254182225
-0.572446369478
-0.608038460071
-0.642919458804
-0.677002821542
-0.710233490670
-0.742595561788
-0.774108920116
-0.804799388496
-0.834662309263
-0.863642105656
-0.891634027122
-0.918503363331
-0.944092083521
-0.968214270912
-0.990672459815
-1.011278826391
-1.029860514692
-1.046268527929
-1.060387318279
-1.072113003079
-1.081344931662
-1.088029152619
-1.092201710114
-1.094005510373
-1.093667409971
-1.091445148534
-1.087579201424
-1.082254357164
-1.075579924132
-1.067591068727
-1.058272279920
-1.047590079637
-1.035506557224
-1.021994502101
-1.007052204068
-0.990694660301
-0.972946723796
-0.953842718994
-0.933433967888
-0.911817286736
-0.889155130941
-0.865649000811
-0.841481835091
-0.816792931919
-0.791696186002
-0.766299252091
-0.740703367504
-0.714994156780
-0.689240297794
-0.663498698904
-0.637822311083
-0.612266417804
-0.586892480597
-0.561759657776
-0.536891628236
-0.512261237967
-0.487829457693
-0.463595396894
-0.439614069526
-0.415981842944
-0.392817575556
-0.370251032918
-0.348400952868
-0.327354638007
-0.307160140401
-0.287825141739
-0.269325212387
-0.251617063079
-0.234647034980
-0.218366665931
-0.202750033793
-0.187789111219
-0.173487100522
-0.159868568065
-0.146983989403
-0.134902202908
-0.123692656553
-0.113394101715
-0.104004125065
-0.095496253902
-0.087837732334
-0.080995370348
-0.074927643384
-0.069578926912
-0.064874718270
-0.060719857770
-0.057005379095
-0.053615188147
-0.050434214284
-0.047353906272
-0.044281874788
-0.041150944986
-0.037899358115
-0.034443288382
-0.030682170411
-0.026515622918
-0.021836898536
-0.016531725064
-0.010501229260
-0.003672399800
0.004016032857
0.012631291048
0.022247128142
0.032934910815
0.044755928365
0.057759222639
0.071989293888
0.087479588082
0.104231487667
0.122204571994
0.141319914765
0.161464871172
0.182499720774
0.204266145329
0.226588542958
0.249275674224
0.272136411240
0.294995909816
0.317699442513
0.340117862235
0.362157506176
0.383755653003
0.404861671367
0.425427578897
0.445402159934
0.464727217509
0.483350981783
0.501230748593
0.518324613008
0.534598760558
0.550028822819
0.564587391993
0.578245532129
0.590983443740
0.602785797135
0.613638903499
0.623539525715
0.632488691313
0.640472807614
0.647456215888
0.653395590002
0.658259412920
0.662037249348
0.664740272990
0.666389355849
0.667005557789
0.666606984155
0.665210077897
0.662829037626
0.659470322581
0.655139794535
0.649849857230
0.643621555009
0.636474409002
0.628404082062
0.619381155785
0.609372691528
0.598361754185
0.586353766117
0.573376710007
0.559470941942
0.544667424004
0.528975038813
0.512390611170
0.494927697416
0.476639312805
0.457616426272
0.437968012002
0.417798343936
0.397199103961
0.376253102846
0.355040557467
0.333649694762
0.312179606202
0.290726188374
0.269363026812
0.248135235969
0.227073464832
0.206211755056
0.185591867437
0.165255380670
0.145234214707
0.125548840450
0.106208791155
0.087214670974
0.068568808034
0.050282238219
0.032376502475
0.014886323571
-0.002153784369
-0.018731324551
-0.034857757366
-0.050559200545
-0.065863338357
-0.080786017784
-0.095329502708
-0.109485098655
-0.123237978660
-0.136573538759
-0.149480882160
-0.161952943162
-0.173984063363
-0.185569765150
-0.196713371370
-0.207431909526
-0.217747770635
-0.227671940448
-0.237192382858
-0.246272433812
-0.254859699954
-0.262903339309
-0.270364489901
-0.277207426582
-0.283388758518
-0.288859502161
-0.293571916140
-0.297485805245
-0.300574549128
-0.302826475226
-0.304239151863
-0.304810592247
-0.304535456574
-0.303407832444
-0.301429913392
-0.298623175235
-0.295032484256
-0.290726613221
-0.285791931806
-0.280316613021
-0.274382019583
-0.268063349562
-0.261430237931
-0.254548947060
-0.247485167778
-0.240300123767
-0.233045478889
-0.225762174193
-0.218483042689
-0.211238824517
-0.204062513119
-0.196989615504
-0.190051491881
-0.183268082383
-0.176647187859
-0.170187923311
-0.163889207811
-0.157755850147
-0.151794092992
-0.146005426520
-0.140382531455
-0.134908437127
-0.129565919630
-0.124347133803
-0.119254788480
-0.114300900416
-0.109504745880
-0.104889169626
-0.100474924813
-0.096278074689
-0.092311397600
-0.088584963076
-0.085106363302
-0.081877890543
-0.078894465573
-0.076143767909
-0.073604118134
-0.071248577657
-0.069054790087
-0.067008368066
-0.065097656880
-0.063308211538
-0.061621769614
-0.060018091580
-0.058482056445
-0.057010173311
-0.055606859677
-0.054276490658
-0.053016999673
-0.051813426959
-0.050638610637
-0.049466349096
-0.048283760993
-0.047091152921
-0.045894720252
-0.044698544877
-0.043499075411
-0.042287287120
-0.041056467557
-0.039806677214
-0.038543130728
-0.037272712200
-0.036001469897
-0.034731351722
-0.033456935961
-0.032169492711
-0.030865140988
-0.029545814032
-0.028214625081
-0.026872142051
-0.025515012993
-0.024138593662
-0.022741346187
-0.021324938205
-0.019892886252
-0.018450443534
-0.017003024427
-0.015552878556
-0.014097741858
-0.012635538808
-0.011169164449
-0.009704905552
-0.008250067406
-0.006813388562
-0.005403916841
-0.004029226908
-0.002696401386
-0.001413995743
-0.000191271046
0.000964610703
0.002050123496
0.003065381148
0.004013098517
0.004897271809
0.005722075692
0.006491296017
0.007208980523
0.007879976271
0.008509514167
0.009102745906
0.009664825123
0.010201343930
0.010717880412
0.011218594142
0.011705923383
0.012181640916
0.012647096889
0.013102373548
0.013545951644
0.013975216760
0.014387002313
0.014778000488
0.015145904106
0.015490497040
0.015813068109
0.016114807235
0.016395665658
0.016654322324
0.016888852281
0.017097537056
0.017279662918
0.017435656925
0.017566238255
0.017671657285
0.017751794234
0.017806525176
0.017835681921
0.017839017236
0.017816516451
0.017768589555
0.017695955314
0.017599596704
0.017480798230
0.017340895976
0.017180980367
0.017001889638
0.016804304077
0.016588782066
0.016355975398
0.016106845105
0.015842415853
0.015563347264
0.015269816236
0.014961678865
0.014638690455
0.014300695605
0.013947693851
0.013579848044
0.013197405984
0.012800547749
0.012389442634
0.011964404141
0.011525981895
0.011074970407
0.010612291332
0.010138879286
0.009655669589
0.009163615851
0.008663699178
0.008156953172
0.007644453912
0.007127281178
0.006606488738
0.006083095086
0.005558113722
0.005032580508
0.004507543265
0.003984040350
0.003463094896
0.002945722609
0.002432927308
0.001925692451
0.001424988436
0.000931776510
0.000447003231
-0.000028400041
-0.000493514102
-0.000947431386
-0.001389257067
-0.001818111792
-0.002233132155
-0.002633468538
-0.003018284277
-0.003386754253
-0.003738062814
-0.004071402773
-0.004385975622
-0.004680991962
-0.004955671055
-0.005209239970
-0.005440932658
-0.005649989218
-0.005835655494
-0.005997182734
-0.006133827234
-0.006244849979
-0.006329516348
-0.006387095893
-0.006416862238
