0.000000000000
-0.000049995273
-0.000199772794
-0.000448608945
-0.000795166071
-0.001236749142
-0.001768562419
-0.002384346933
-0.003077017955
-0.003839409239
-0.004665017266
-0.005550170200
-0.006496196854
-0.007511291080
-0.008612376171
-0.009820732929
-0.011157627741
-0.012636927897
-0.014257716906
-0.016007745585
-0.017866883152
-0.019815577715
-0.021843316765
-0.023951341904
-0.026155363570
-0.028481282046
-0.030960908465
-0.033624174958
-0.036491344798
-0.039571785579
-0.042862742395
-0.046354665704
-0.050036539199
-0.053898139808
-0.057932297700
-0.062139301412
-0.066531302977
-0.071137199538
-0.076007514955
-0.081202010688
-0.086777296672
-0.092769036948
-0.099174155297
-0.105957131638
-0.113056298433
-0.120402859613
-0.127939909509
-0.135623092755
-0.143421264204
-0.151316124894
-0.159301858023
-0.167401670689
-0.175684335616
-0.184257510968
-0.193261060161
-0.202820807615
-0.213002294508
-0.223804371154
-0.235152789372
-0.246928129131
-0.258993725192
-0.271191889047
-0.283340130860
-0.295240451621
-0.306688635309
-0.317504685442
-0.327563261627
-0.336787726884
-0.345144194969
-0.352633074738
-0.359280614511
-0.365142029497
-0.370304629219
-0.374884526150
-0.379023344347
-0.382857649889
-0.386488381304
-0.389940791601
-0.393124390289
-0.395932434186
-0.398341418222
-0.400462375445
-0.402592177032
-0.405064726087
-0.408102151454
-0.411822735948
-0.416248844591
-0.421341363425
-0.427034138335
-0.433148282571
-0.439306484275
-0.445070544582
-0.450078915716
-0.454101936197
-0.457097066038
-0.459074009787
-0.459959839569
-0.459638649900
-0.457991212511
-0.454966085634
-0.450650723293
-0.445179390928
-0.438641081014
-0.431055943724
-0.422351717582
-0.412475752676
-0.401507033871
-0.389720824702
-0.377653311276
-0.365944480359
-0.355180997465
-0.345749344283
-0.337688956101
-0.330817396511
-0.324855532113
-0.319592871990
-0.315052907183
-0.311425087715
-0.308996799615
-0.307999284957
-0.308453561899
-0.310235855363
-0.313143027715
-0.317069086124
-0.322181689921
-0.328905384122
-0.337904832951
-0.349921268032
-0.365608936581
-0.385335670916
-0.408983457967
-0.435890884758
-0.464795583889
-0.494150020651
-0.522437280141
-0.548480566501
-0.571752702157
-0.592336716776
-0.610886436223
-0.628315601914
-0.645486990169
-0.663024256965
-0.681123782689
-0.699636418593
-0.718149233249
-0.736221082107
-0.753618177053
-0.770386508380
-0.786924266757
-0.803760373413
-0.821333010320
-0.839914249870
-0.859534684555
-0.880193240934
-0.902066993589
-0.925633465061
-0.951792925786
-0.981709209013
-1.016650525737
-1.057777301895
-1.105930015572
-1.161465168720
-1.224091258867
-1.292897313883
-1.366381426731
-1.442799650631
-1.520514894221
-1.598152769086
-1.674757437280
-1.749854906507
-1.823516325287
-1.896121243188
-1.968120871067
-2.039859331426
-2.111394908774
-2.182643705126
-2.253523295493
-2.323967768752
-2.393942768503
-2.463391146780
-2.532178617762
-2.600143591844
-2.667147009723
-2.733115985025
-2.798087446942
-2.862143107386
-2.925344428133
-2.987633372850
-3.048733159107
-3.108246788266
-3.165755575370
-3.220959669915
-3.273818576637
-3.324508082986
-3.373377186610
-3.420787141971
-3.466950506951
-3.511947031012
-3.555739543341
-3.598331562872
-3.639924908308
-3.680778308173
-3.721066010879
-3.760817282753
-3.799855906074
-3.838063555188
-3.875643172615
-3.913277088226
-3.952285138414
-3.994220724262
-4.040466869705
-4.092028141727
-4.149322570550
-4.212378980422
-4.281034320415
-4.354922373837
-4.433462467659
-4.515757124595
-4.600489715182
-4.686175061623
-4.771410041615
-4.855119894451
-4.936804527112
-5.016444165107
-5.094405003323
-5.171227153201
-5.247412589924
-5.323386580814
-5.399459113723
-5.475702059806
-5.551826336298
-5.626864268967
-5.698851954576
-5.765286345970
-5.823582337164
-5.871859538458
-5.909729051552
-5.938402669672
-5.960802077696
-5.980491831143
-6.000612335162
-6.023276430455
-6.048965979200
-6.077143983194
-6.106866701996
-6.137326418430
-6.168394204088
-6.200333045792
-6.233510972056
-6.268119977963
-6.303894950042
-6.340541884618
-6.378166106162
-6.417171058281
-6.458157094708
-6.501609002137
-6.547583523058
-6.595806659075
-6.645770974224
-6.697043704915
-6.749574869874
-6.803702802880
-6.860159685502
-6.919832383293
-6.983523281984
-7.051942905340
-7.125702533016
-7.205279817992
-7.290984404008
-7.382898596854
-7.480818035660
-7.584258384973
-7.692462026834
-7.804396771784
-7.918754569870
-8.034125529196
-8.149171934474
-8.262811861343
-8.374402790688
-8.483623810582
-8.590357818228
-8.694564131033
-8.796151097682
-8.895013910997
-8.991072420796
-9.084331409675
-9.174940868790
-9.263122385402
-9.349095530422
-9.433115979627
-9.515513634876
-9.596916716496
-9.678475855668
-9.761691132708
-9.848239115348
-9.939602441178
-10.036699400088
-10.139879569348
-10.248919448688
-10.363184361492
-10.481790355992
-10.603637689957
-10.727444315382
-10.851830196659
-10.975401628748
-11.096873445970
-11.215191230800
-11.329457080092
-11.438855371304
-11.542655324806
-11.640213566188
-11.731083870090
-11.815126904032
-11.892538067764
-11.963875332616
-12.029950023928
-12.091717603480
-12.150116934302
-12.205909545484
-12.259567093092
-12.311158821084
-12.360420721674
-12.406824695696
-12.449869376914
-12.489370956332
-12.525546932749
-12.559099863314
-12.590982960908
-12.622165691526
-12.653358518701
-12.684737647933
-12.715953594999
-12.746139754263
-12.774235383435
-12.799308588336
-12.820769974768
-12.838586300396
-12.853236617493
-12.865668415685
-12.877139508559
-12.889059920261
-12.902830071820
-12.919678967467
-12.940568581865
-12.966098247344
-12.996439391873
-13.031270277042
-13.069964826617
-13.111781455095
-13.156103880952
-13.202681939881
-13.251533800396
-13.302848179431
-13.356684897998
-13.412675436850
-13.470015172719
-13.527455614564
-13.583666449331
-13.637597587713
-13.688547234562
-13.736229959291
-13.780595099918
-13.821645167105
-13.859390026952
-13.893801083796
-13.924853498605
-13.952568407382
-13.976956604043
-13.997962223295
-14.015401794146
-14.028903293405
-14.038008859976
-14.042277509147
-14.041491067927
-14.035860110388
-14.025995814950
-14.012881821676
-13.997573367028
-13.980896418624
-13.963309680653
-13.944766599295
-13.924833821930
-13.902809656357
-13.877906384407
-13.849432575556
-13.816872154701
-13.779963469926
-13.738635276701
-13.692942722076
-13.643013117850
-13.588991713745
-13.531021551491
-13.469223318921
-13.403698289088
-13.334531259382
-13.261824873976
-13.185733946262
-13.106417672928
-13.023991848030
-12.938422039022
-12.849416762791
-12.756432115269
-12.658676401055
-12.555253444988
-12.445305903720
-12.328105666163
-12.203144253926
-12.070125309619
-11.928957085152
-11.779646197484
-11.622191384377
-11.456534577400
-11.282511974943
-11.099927697546
-10.908627443228
-10.708561157021
-10.499845700494
-10.282712297297
-10.057453978700
-9.824257250462
-9.583033759705
-9.333373345558
-9.074497089811
-8.805431675084
-8.525183742996
-8.233022697179
-7.928763506282
-7.612737782705
-7.285764861328
-6.948907613890
-6.603228263373
-6.249604249836
-5.888544096259
-5.520254918782
-5.144709936944
-4.761753222947
-4.371204450910
-3.972782913553
-3.566031538876
-3.150323463018
-2.724868603121
-2.288855780844
-1.841594845887
-1.382511196320
-0.911140298912
-0.427050906625
0.070231723902
0.581194813879
1.106307043896
1.645945644374
2.200323486011
2.769520135008
3.353512908285
3.952227512532
4.565588683260
5.193553458247
5.836144450994
6.493470786461
7.165749036808
7.853269580446
8.556362961083
9.275356220400
10.010529230717
10.762121326164
11.530337933852
12.315359921599
13.117352945666
13.936442000153
14.772685966400
15.626080169808
16.496558936655
17.384024237542
18.288374330829
19.209511462006
20.147349563064
21.101816349201
22.072855415538
23.060450219185
24.064648061312
25.085563762640
26.123383338927
27.178347318924
28.250734062321
29.340692017558
30.448071979636
31.572300093383
32.712250856730
33.866288219947
35.032306684884
36.207560242248
37.388491308875
38.571211214778
39.751980690185
40.927465610848
42.094992743352
43.252255771375
44.397021321958
45.527074964561
46.640167210124
47.734139340618
48.807049238591
49.857033526654
50.882169706957
51.880587016340
52.850577281484
53.790737561827
54.700112792490
55.578000764763
56.423757106596
57.236746050830
58.016291203423
58.761854704116
59.473216387089
60.150400690112
60.793603563696
61.403082734609
61.979047969402
62.521675501965
63.031122461088
63.507568020662
63.951254549875
64.362480572898
64.741593728561
65.088977256154
65.405036481228
65.690194680971
65.944888949594
66.169574933197
66.364731564640
66.530846436554
66.668401174347
66.777828205470
66.859467528673
66.913563457956
66.940261366520
66.939630108183
66.911684438806
66.856404486439
66.773755221472
66.663713926035
66.526297663399
66.361565002282
66.169617741165
65.950537184768
65.704320420531
65.430805796965
65.129598401998
64.800105710971
64.441573234624
64.053215437787
63.634346658071
63.184578384764
62.704016537737
62.193222313990
61.653173034203
61.085125741437
60.490480799830
59.870890143933
59.228365528036
58.565099757999
57.883287923083
57.185016995516
56.472155430069
55.746427841522
55.009489682135
54.262903263499
53.508113778382
52.746411714305
51.978895267108
51.206555688122
50.430362631341
49.651311950958
48.870473498911
48.088929965235
47.307715718419
46.527709648287
45.749528008874
44.973511755117
44.199713879536
43.427911890085
42.657620288003
41.888197303726
41.118951632809
40.349305821081
39.578959649805
38.807843431084
38.036071303262
37.263858665905
36.491439614769
35.719119092926
34.947325041877
34.176859496492
33.409149679942
32.646104673242
31.889972084781
31.143228964521
30.408472718180
29.688443819230
28.986048520879
28.304099442729
27.645056157418
27.010793341248
26.402368924797
25.819702336877
25.261252748477
24.724685766276
24.207540126156
23.707590106995
23.223207944475
22.753229697984
22.296821117534
21.853347411063
21.422243011753
21.003005710762
20.595190789972
20.198524953841
19.813020261271
19.438948073770
19.076813003630
18.727237998139
18.390849423809
18.068231138178
17.759878561628
17.466173804487
17.187360794147
16.923523605296
16.674564790166
16.440177276045
16.219816262805
16.012662251414
15.817584072464
15.633353970684
15.458862689463
15.293244986803
15.136005151262
14.986921258902
14.845949430221
14.713139143951
14.588548550840
14.472204884600
14.364064872839
14.264030698819
14.171965963198
14.087728865858
14.011205387717
13.942303600367
13.880947975696
13.827044571886
13.780446219395
13.740927590745
13.708160270294
13.681741427574
13.661222490613
13.646125751063
13.635960969312
13.630189462539
13.628188192754
13.629252922793
13.632601372313
13.637482040150
13.643283026694
13.649610223630
13.656365503695
13.663785066598
13.672477784937
13.683409361345
13.697886485633
13.717386862561
13.743389239609
13.777228414997
13.819950245705
13.872365803253
13.935105529481
14.008716476559
14.093759546996
14.190781969364
14.300289774012
14.422716751080
14.558393408508
14.707519210106
14.870134813624
15.046105422022
15.235104134740
15.436655500368
15.650179069316
15.875056352314
16.110697778911
16.356528995609
16.611977163987
16.876403480845
17.149035698343
17.429013939981
17.715436516579
18.007288653915
18.303371220363
18.602249983473
18.902204866551
19.201497282124
19.498637465405
19.792436690897
20.082059489002
20.366882179830
20.646351407018
20.919929072166
21.187037269274
21.447068538482
21.699396119810
21.943329182838
22.178068056386
22.402771771094
22.616625602002
22.818938529549
23.009240700577
23.187205361525
23.352570791633
23.505084669321
23.644448438569
23.770392225507
23.882749755005
23.981530776593
24.066993490381
24.139586868179
24.199892974617
24.248480189115
24.285756427852
24.312000681150
24.327394550848
24.332141003766
24.326583125164
24.311217762792
24.286709170940
24.253783630548
24.213124069316
24.165280939034
24.110583092912
24.049123168390
23.980742969947
23.905001428985
23.821142563703
23.728119322011
23.624617424439
23.509379255607
23.381527755695
23.240794884413
23.087750084971
22.923795604579
22.751161814947
22.572444552962
22.390142461365
22.206396981863
22.022732348246
21.840225779943
21.659677675588
21.481674563515
21.306652052254
21.134924058982
20.966712037974
20.802182284352
20.641483237834
20.484713944472
20.331892518390
20.182922449628
20.037558911991
19.895469560136
19.756295326669
19.619698462577
19.485410577661
19.353221780176
19.222969816471
19.094529466948
18.967801942021
18.842718338184
18.719243094079
18.597398063461
18.477286588162
18.359153225616
18.243443476374
18.130877638623
18.022524662700
17.919600688964
17.823267585668
17.734404694072
17.653380573556
17.580182768320
17.514547574084
17.456038312648
17.404123606451
17.358091823203
17.316965520507
17.279534476665
17.244388721479
17.210026008343
17.174959286335
17.137728468939
17.096912202767
17.051113976451
16.998948229535
16.939133762939
16.870587149423
16.792505023696
16.704446372530
16.606227589494
16.497817529698
16.379248253352
16.250525769326
16.111638613090
15.962566424654
15.803299173228
15.633856381882
15.454284948026
15.264656963890
15.065053891973
14.855550740497
14.636190204141
14.406956804785
14.167714163669
13.918142273553
13.657855245717
13.386519056961
13.104337354715
12.812537262149
12.513332444521
12.209886175525
11.905594507177
11.603369439700
11.305611223102
11.014180658744
10.730827629726
10.457619631268
10.196968756480
9.951658682132
9.724323376764
9.516925808796
9.330708839218
9.166146114280
9.023090629082
8.900923291164
8.798454970975
8.713828552347
8.644545214129
8.587490711831
8.539449475333
8.497618706595
8.459792701585
8.424547172207
8.391024783052
8.358720688149
8.327160048000
8.295575546615
8.262868684990
8.227571074590
8.188024059926
8.142558341142
8.089612807638
8.027853371694
7.956283337050
7.874353767486
7.781825306332
7.678629995978
7.564669538504
7.439613556310
7.302914939896
7.153825195641
6.991485048767
6.815015046293
6.623581302789
6.416461246125
6.193096409581
5.953145223957
5.696499072423
5.423298345369
5.133992664345
4.829401106001
4.510561575107
4.178580177573
3.834430532618
3.478753084944
3.112149122370
2.735474793476
2.350088804072
1.958100113668
1.561968361005
1.164104289586
0.766592544092
0.370914466798
-0.021888745951
-0.411052887264
-0.795938795409
-1.175880409513
-1.550144413707
-1.917889881261
-2.278316693625
-2.630813959469
-2.974938779553
-3.310395011597
-3.636837330551
-3.953675288865
-4.260028029219
-4.554678997253
-4.836444008987
-5.104539318242
-5.358686796116
-5.599219110470
-5.827051669014
-6.043654562398
-6.250803981332
-6.450333633706
-6.643958412357
-6.833098062836
-7.018858715945
-7.202014420274
-7.382975776125
-7.561758569437
-7.738046156279
-7.911251847353
-8.080629054110
-8.245381434871
-8.404776905773
-8.558261651715
-8.705583644137
-8.846916158799
-8.982943308907
-9.114945578239
-9.244589257316
-9.373715879573
-9.504131132251
-9.637393767284
-9.774670962566
-9.916593683208
-10.063304817130
-10.214507310652
-10.369619261089
-10.527929009346
-10.688682426852
-10.851170202494
-11.014645160703
-11.178239579540
-11.340987848199
-11.501849124505
-11.659883617663
-11.814428870997
-11.965125990377
-12.111945872645
-12.255256745451
-12.395891707089
-12.535041149349
-12.674145180369
-12.814565376134
-12.957256531975
-13.102662559080
-13.250612381006
-13.400538610679
-13.551696227404
-13.703298427401
-13.854652474346
-14.005058271723
-14.153706935176
-14.299699207983
-14.442063876530
-14.579905949202
-14.712554835274
-14.839659386536
-14.961282938918
-15.077815216665
-15.189884236507
-15.298149163497
-15.403093166839
-15.505008290943
-15.603980326479
-15.699963088791
-15.792852696311
-15.882523528131
-15.968864181575
-16.051715783845
-16.130810303667
-16.205687556268
-16.275612208348
-16.339687198778
-16.396967159288
-16.446592303538
-16.487922316188
-16.520570250608
-16.544436426588
-16.559682543148
-16.566705791348
-16.566054697768
-16.558344967988
-16.544195748858
-16.524165890769
-16.498719408529
-16.468190942249
-16.432770275789
-16.392486855209
-16.347180991469
-16.296475063129
-16.239855019029
-16.176751880969
-16.106637233929
-16.029118716289
-15.944025987879
-15.851496698030
-15.752108787040
-15.647012787650
-15.537779136654
-15.426245486517
-15.314347510893
-15.203949710156
-15.096774979895
-14.994334179422
-14.897775823216
-14.807735772370
-14.724446529434
-14.647846533258
-14.577754748443
-14.514045254787
-14.456664791741
-14.405650302855
-14.361105128149
-14.323175196483
-14.292005016697
-14.267693668751
-14.250219020325
-14.239361943419
-14.234679564273
-14.235478513287
-14.240784362251
-14.249311061576
-14.259591273871
-14.270106707530
-14.279532841299
-14.286983648848
-14.292026643731
-14.294697924346
-14.295371456145
-14.294628353844
-14.293098137020
-14.291299985707
-14.289653936459
-14.288492078419
-14.288134741103
-14.288966682199
-14.291428856579
-14.296010185310
-14.303217794726
-14.313547255491
-14.327446180202
-14.345277821001
-14.367340322602
-14.393885975324
-14.425211537375
-14.461748557146
-14.504066404348
-14.552875301149
-14.608815366400
-14.672245659851
-14.743127340673
-14.820906825974
-14.904531267700
-14.992464029526
-15.082967019762
-15.174383024253
-15.265296646003
-15.354695244790
-15.441825858731
-15.526052125856
-15.606862101417
-15.683876075203
-15.756868389864
-15.825789259245
-15.890688858857
-15.951641416348
-16.008717771068
-16.061957933624
-16.111401429867
-16.157117644873
-16.199212679225
-16.237836205286
-16.273129896411
-16.305175856168
-16.333950312991
-16.359277314839
-16.380854673957
-16.398279911647
-16.411100199260
-16.418862299194
-16.421147657857
-16.417607498640
-16.408003823644
-16.392250415407
-16.370455853520
-16.342966531233
-16.310402658501
-16.273694265024
-16.233957242895
-16.192369389239
-16.150008488356
-16.107690393873
-16.065934828161
-16.024931181758
-15.984612474749
-15.944729318156
-15.904973993739
-15.865104533797
-15.825024624099
-15.784863506799
-15.744999087512
-15.706081042387
-15.668943743188
-15.634519182382
-15.603772002828
-15.577634527478
-15.556994841789
-15.542684876141
-15.535423594792
-15.535760184843
-15.544060624845
-15.560494253406
-15.585054109587
-15.617577273288
-15.657791827340
-15.705363819591
-15.759944854162
-15.821219682694
-15.888936646085
-15.962938116236
-16.043187215747
-16.129794537619
-16.223014065020
-16.323239091061
-16.430977240552
-16.546825491764
-16.671409414465
-16.805322407966
-16.949083664508
-17.103096132649
-17.267524675830
-17.442174230931
-17.626378338173
-17.818887671014
-18.018078106227
-18.222158793969
-18.429335577271
-18.637974411539
-18.846755628546
-19.054828200439
-19.261769201989
-19.467543272851
-19.672281286831
-19.876059021156
-20.078843021613
-20.280436467698
-20.480601113473
-20.679179228428
-20.876172126596
-21.071818695668
-21.266570182965
-21.461064981410
-21.655984987890
-21.851911961618
-22.049226637200
-22.248007837703
-22.448081423299
-22.649069239919
-22.850525093636
-23.052070725056
-23.253420532238
-23.454406293627
-23.654912476311
-23.854811544291
-24.053969934690
-24.252254033965
-24.449564981137
-24.645873471021
-24.841193738118
-25.035557540502
-25.228968444590
-25.421356109902
-25.612568436273
-25.802363711064
-25.990424116404
-26.176369236432
-26.359736608707
-26.539962275618
-26.716439499418
-26.888577477258
-27.055889657758
-27.218082057579
-27.375084576339
-27.527082311539
-27.674486044683
-27.817902727403
-27.958039213707
-28.095605992227
-28.231228143860
-28.365356299409
-28.498202259463
-28.629674614277
-28.759424206854
-28.886889596028
-29.011355368910
-29.132010453344
-29.248023000046
-29.358615264748
-29.463086275500
-29.560834499972
-29.651277235064
-29.733769996516
-29.807568665428
-29.871791634780
-29.925493028172
-29.967735918564
-29.997630409607
-30.014371716969
-30.017210633591
-30.005423994933
-29.978309591795
-29.935181083137
-29.875361436939
-29.798176371061
-29.702977959973
-29.589168241485
-29.456232623477
-29.303773290629
-29.131505379972
-28.939253156434
-28.726959456616
-28.494695132558
-28.242657571940
-27.971169218282
-27.680635229554
-27.371501136786
-27.044226981378
-26.699261452410
-26.337131460112
-25.958531709334
-25.564482284036
-25.156486231779
-24.736627859681
-24.307671030383
-23.872633305838
-23.434360091105
-22.995155253337
-22.556411740769
-22.118831270004
-21.682644013299
-21.247962634884
-20.815136327281
-20.384843259016
-19.958183022332
-19.536487173852
-19.121129775252
-18.713337114742
-18.313997428552
-17.923660280592
-17.542535942112
-17.170641626322
-16.807947723012
-16.454421629542
-16.110071581832
-15.774835460622
-15.448469597732
-15.130499338492
-14.820169604173
-14.516563217183
-14.218719226273
-13.925774686955
-13.637106441925
-13.352260376382
-13.070880673347
-12.792538057883
-12.516558041315
-12.242110584586
-11.968299761611
-11.694351011104
-11.419798388399
-11.144460657480
-10.868417383010
-10.591920531391
-10.315306071834
-10.038927390086
-9.763088702155
-9.487977853193
-9.213599116366
-8.939741236016
-8.665945470810
-8.391670193759
-8.116455492237
-7.840005722685
-7.562272065324
-7.283383830470
-7.003579764840
-6.723143691437
-6.442340149434
-6.161340479957
-5.880148911878
-5.598589269029
-5.316291677419
-5.032762424617
-4.747453819135
-4.459853879033
-4.169576020528
-3.876354082283
-3.580037349705
-3.280558080688
-2.977899031347
-2.672078057575
-2.363132716600
-2.051068734512
-1.735808473799
-1.417174924511
-1.094875695415
-0.768592359226
-0.438069797838
-0.103241568965
0.235644727209
0.577928918827
0.922439733165
1.267656790236
1.611872596400
1.953446881016
2.291060933104
2.623750487741
2.950938612457
3.272220559903
3.587148620510
3.895242186106
4.195997813542
4.488999686859
4.774030079455
5.051031771091
5.320070464888
5.581274044474
5.834771831140
6.080677893457
6.319074356893
6.550012074629
6.773511298366
6.989528505322
7.197923225238
7.398420568605
7.590573754891
7.773758961667
7.947170173724
8.109902783930
8.261037194096
8.399670907032
8.524950618609
8.636011418065
8.731915988321
8.811738616968
8.874649207254
8.920014094610
8.947496863167
8.957018565593
8.948717942939
8.923010309896
8.880646440052
8.822731045268
8.750741255045
8.666444060341
8.571813757397
8.468948443404
8.359986512170
8.247055558470
8.132221282384
8.017392890560
7.904228497479
7.794103727744
7.688080318376
7.587030188410
7.491759508485
7.403100304479
7.322002061153
7.249397586117
7.186068873802
7.132548180336
7.089019098430
7.055323323785
7.030967421499
7.015046253283
7.006166404668
7.002641334607
7.002686525086
7.004752054935
7.007855173641
7.011463450511
7.015377923835
7.019526894371
7.023759718842
7.027795785709
7.031173490948
7.033215373627
7.032993251486
7.029396722540
7.021201666682
7.007303858916
6.986952582590
6.959726569514
6.925509940078
6.884362843741
6.836392099525
6.781755866199
6.720668312473
6.653501051897
6.580884577761
6.503810186231
6.423731899485
6.342267483540
6.260899466079
6.180741772530
6.102306362145
6.025700779340
5.950825705034
5.877489694514
5.805523915290
5.734723338916
5.664787932806
5.595285057487
5.525611863852
5.455099831671
5.383119308102
5.309137663390
5.232777446566
5.153736693317
5.071709233855
4.986307654631
4.896986260039
4.803142582045
4.704218889811
4.599750654027
4.489415011243
4.372960026489
4.250133955895
4.120663821931
3.984233988647
3.840536322973
3.689320356019
3.530438823184
3.363893204270
3.189916597666
3.009056594542
2.822202293920
2.630611317746
2.435823666876
2.239575577063
2.043615246972
1.849518566201
1.658604517990
1.471850581932
1.290013476982
1.113749904471
0.943529379951
0.779547065030
0.621461917064
0.468134838833
0.317758412664
0.167986634538
0.016375245199
-0.139177938753
-0.300265662267
-0.467803869262
-0.642200918386
-0.823526798791
-1.011650555035
-1.206377712000
-1.407421281584
-1.614372769409
-1.826594668176
-2.043112951036
-2.262694635975
-2.483925350216
-2.705407896565
-2.925960819776
-3.144563976529
-3.360304105421
-3.572303209999
-3.779646941785
-3.981518060452
-4.177329894000
-4.366714118738
-4.549508539275
-4.725654173823
-4.895092339491
-5.057761118408
-5.213591823846
-5.362566438994
-5.504775055741
-5.640605096999
-5.770930539017
-5.897133580513
-6.021126311802
-6.144939716599
-6.270312673818
-6.398458724449
-6.529832838436
-6.664380580650
-6.801787276864
-6.941693490126
-7.083910497131
-7.228382708263
-7.375150087627
-7.524222011520
-7.675451126897
-7.828413034757
-7.982285973530
-8.135905378335
-8.287818440244
-8.436582118974
-8.581061155581
-8.720499307927
-8.854590586152
-8.983274753088
-9.106532824663
-9.224287500929
-9.336303597074
-9.442261211700
-9.541828895085
-9.634699475051
-9.720625882816
-9.799333234752
-9.870430914127
-9.933415936923
-9.987676317638
-10.032616685694
-10.067783901829
-10.092882373055
-10.107789367600
-10.112591357236
-10.107620359591
-10.093553876107
-10.071514829982
-10.042940766509
-10.009453053399
-9.972610707141
-9.933664219346
-9.893558342105
-9.852934873329
-9.812354297842
-9.772517428453
-9.734217880990
-9.698294549328
-9.665457436067
-9.636113483217
-9.610417835560
-9.588325104002
-9.569654230997
-9.554153355956
-9.541542732292
-9.531557644465
-9.523972097319
-9.518622505434
-9.515327444446
-9.513807402383
-9.513598550506
-9.513966514164
-9.514012273882
-9.512778066459
-9.509341270737
-9.502908293379
-9.492851011127
-9.478743213063
-9.460376112197
-9.437773857050
-9.411151579771
-9.380873444244
-9.347415359735
-9.311327694539
-9.273194388220
-9.233592063861
-9.193056586026
-9.152049618724
-9.110967996836
-9.070153097530
-9.029898669264
-8.990458660786
-8.952035632510
-8.914769167895
-8.878709159670
-8.843789096069
-8.809771276740
-8.776192028657
-8.742436321794
-8.707812384793
-8.671673303230
-8.633538617875
-8.593106899494
-8.550268323654
-8.505062721621
-8.457637631268
-8.408220915237
-8.357093379101
-8.304602639201
-8.251176990473
-8.197306690853
-8.143525245677
-8.090422291789
-8.038656481654
-7.988947442256
-7.942067734006
-7.898768683753
-7.859706217795
-7.825419971272
-7.796312397549
-7.772667329126
-7.754668538543
-7.742419919519
-7.735965668096
-7.735308437623
-7.740427493750
-7.751249033657
-7.767616505283
-7.789262662630
-7.815781621057
-7.846682003076
-7.881440084143
-7.919520377998
-7.960396222010
-8.003542108573
-8.048426016512
-8.094496192649
-8.141167933374
-8.187817094039
-8.233773598363
-8.278355246579
-8.320901523582
-8.360779607653
-8.397390379172
-8.430121126263
-8.458298250434
-8.481267725654
-8.498475557435
-8.509549069416
-8.514378189957
-8.513085127997
-8.505994048918
-8.493617004679
-8.476639863960
-8.455823515911
-8.431905073901
-8.405493742682
-8.376966685543
-8.346510547747
-8.314162979962
-8.279890561985
-8.243666726456
-8.205477392196
-8.165326597540
-8.123234913569
-8.079237857347
-8.033402731647
-7.985845464687
-7.936710578634
-7.886151158114
-7.834291773033
-7.781191401408
-7.726859583392
-7.671272575299
-7.614398580982
-7.556222983201
-7.496757185236
-7.436047452494
-7.374207940326
-7.311453721834
-7.248133762572
-7.184763895241
-7.121956057029
-7.060347526941
-7.000516544471
-6.942897928269
-6.887806116087
-6.835458204730
-6.786000264373
-6.739533652888
-6.696117068550
-6.655768602749
-6.618445057623
-6.584021263701
-6.552266484344
-6.522820820186
-6.495233148956
-6.468999065290
-6.443583004499
-6.418440366335
-6.393077854459
-6.367113815918
-6.340305186986
-6.312574439009
-6.283938490267
-6.254437617830
-6.224091917625
-6.192857764512
-6.160660399878
-6.127426519231
-6.093104738380
-6.057686059600
-6.021159945099
-5.983470390475
-5.944478253709
-5.903923584167
-5.861438921197
-5.816562592726
-5.768733783221
-5.717287601635
-5.661505303229
-5.600664511384
-5.534127465618
-5.461429269612
-5.382291783687
-5.296637517281
-5.204583304036
-5.106433976870
-5.002613845404
-4.893598173379
-4.779816182173
-4.661554054327
-4.538924989642
-4.411839261276
-4.280065141861
-4.143289829605
-4.001184952479
-3.853472072394
-3.699920919728
-3.540347627862
-3.374595974017
-3.202518620091
-3.023980827846
-2.838864174080
-2.647075722944
-2.448557198249
-2.243282955843
-2.031257955997
-1.812505453132
-1.587054685546
-1.354935524131
-1.116173121075
-0.870800486699
-0.618871066284
-0.360491851328
-0.095856490812
0.174679240963
0.450521976539
0.730827927094
1.014490054250
1.300320128360
1.587230786809
1.874299790149
2.160834278244
2.446325524998
2.730403693092
3.012812549913
3.293384183487
3.572011845989
3.848622797263
4.123154346268
4.395529892530
4.665641192254
4.933330624446
5.198364712926
5.460407648346
5.719003252222
5.973556940961
6.223422554896
6.467989187311
6.706766522157
6.939470171762
7.166016710197
7.386518706632
7.601242331028
7.810564959823
8.014894995278
8.214591684813
8.409928261738
8.601055085984
8.788007314559
8.970712572014
9.149005777349
9.322643970925
9.491305536340
9.654589422315
9.812044297690
9.963197706425
10.107583677631
10.244770335596
10.374321263291
10.495756865866
10.608550531992
10.712124795197
10.805935625632
10.889556721827
10.962687358533
11.025160234558
11.076898515943
11.117872879128
11.148088771443
11.167573671599
11.176432382754
11.174902325589
11.163625258494
11.143918997760
11.117775150492
11.087856847532
11.057080825444
11.028199508504
11.003473916992
10.984346575479
10.971632012926
10.965707262773
10.966712901611
10.974754087848
10.989874640715
11.012031119262
11.041067414390
11.076689340877
11.118506149694
11.166072040311
11.218911580918
11.276545128646
11.338510427391
11.404384205648
11.473761083477
11.546232479475
11.621380005474
11.698768861249
11.777957776761
11.858508954405
11.939989240919
12.021971299291
12.104031222681
12.185746148340
12.266694389547
12.346455567533
12.424607260551
12.500721652933
12.574364768340
12.645095703006
12.712515203756
12.776314246014
12.836345293279
12.892693556601
12.945683974382
12.995888192187
13.044079879224
13.091190044827
13.138178371488
13.185904547892
13.235013626477
13.285821381006
13.338311961303
13.392135547987
13.446604639111
13.500690336791
13.553194215051
13.602920187662
13.648757391501
13.689763069900
13.725114517760
13.754061026659
13.775937841038
13.790180114377
13.796304178946
13.793888815556
13.782523311105
13.761755516134
13.731104182533
13.690071301253
13.638151727862
13.574842808111
13.499669470340
13.412209317889
13.312161171279
13.199413610388
13.074112861507
12.936730684386
12.788202128386
12.630063288625
12.464270105111
12.293017161865
12.118365118118
11.941868139502
11.764637296118
11.587403960594
11.410757655458
11.235383900511
11.062044369783
10.891557048499
10.724738042341
10.562343386716
10.405040905513
10.253382069870
10.107811894357
9.968678833164
9.836268948782
9.710840080679
9.592617816526
9.481791463413
9.378480626911
9.282701790128
9.194354199755
9.113205752102
9.038860596750
8.970726740197
8.908044295393
8.849913731265
8.795339242961
8.743272122094
8.692664157673
8.642521037044
8.591982356712
8.540401633169
8.487300838681
8.432324937085
8.375191700435
8.315641525653
8.253464210188
8.188525727670
8.120769444341
8.050217335476
7.976954016334
7.901110773103
7.822857385590
7.742393949901
7.659937225768
7.575706983876
7.489932713910
7.402860332612
7.314732451967
7.225768647395
7.136131019714
7.045889757113
6.955040868640
6.863523917696
6.771244381368
6.678096009772
6.583960660870
6.488708135292
6.392178094700
6.294161980147
6.194393438022
6.092538745985
5.988237355667
5.881142435364
5.770931710264
5.657318302664
5.540040969309
5.418854338731
5.293551677576
5.163987656941
5.030077853746
4.891798252112
4.749167012417
4.602226240362
4.451040185727
4.295693441132
4.136298396212
3.973002691787
3.806065630615
3.635934588135
3.463293912019
3.289113821718
3.114488733703
2.940475586696
2.768010204551
2.597823659135
2.430469379770
2.266350262685
2.105753934450
1.948888015416
1.795900971906
1.646902968416
1.501968292131
1.361137777447
1.224416712442
1.091772745357
0.963148552709
0.838474507409
0.717685154768
0.600735688498
0.487594398642
0.378235119494
0.272593266213
0.170521871431
0.071709962137
-0.024399063449
-0.118604108804
-0.211943052033
-0.305499868695
-0.400211754635
-0.496784492681
-0.595607819347
-0.696854490307
-0.800579345871
-0.906759026809
-1.015331690170
-1.126184440102
-1.239140758662
-1.353965056055
-1.470367220872
-1.588017104344
-1.706559004591
-1.825606217152
-1.944735585504
-2.063465577847
-2.181234363885
-2.297452674440
-2.411556661063
-2.523065277818
-2.631637663065
-2.737042086249
-2.839124894689
-2.937817103196
-3.033140983691
-3.125256316550
-3.214506641949
-3.301450037499
-3.386889895881
-3.471781740958
-3.557140043887
-3.643846684716
-3.732459413981
-3.823252042506
-3.916254631203
-4.011353629922
-4.108392016301
-4.207179394127
-4.307502091697
-4.409128010416
-4.511811473400
-4.615315471911
-4.719433911802
-4.824013177926
-4.928973698546
-5.034288115982
-5.139959457258
-5.245980156887
-5.352291079654
-5.458757309637
-5.565143939217
-5.671154012887
-5.776466471049
-5.880789159404
-5.983911838347
-6.085723891994
-6.186232037218
-6.285542241565
-6.383841641180
-6.481392723634
-6.578527510751
-6.675643157645
-6.773197551754
-6.871662969602
-6.971479733557
-7.073038636506
-7.176663366519
-7.282608771763
-7.391059125411
-7.502109873533
-7.615749382992
-7.731843393395
-7.850119469054
-7.970167931013
-8.091442789081
-8.213340823612
-8.335280667295
-8.456736643965
-8.577272607414
-8.696463368866
-8.813816124442
-8.928792427107
-9.040830158611
-9.149412174671
-9.254134950143
-9.354662640938
-9.450681145933
-9.541885972267
-9.627970100642
-9.708659549027
-9.783748936372
-9.853092363216
-9.916594292301
-9.974202868396
-10.025903238131
-10.071711614135
-10.111669339180
-10.145836674935
-10.174286590730
-10.197100124725
-10.214361745079
-10.226159712554
-10.232586443109
-10.233738314844
-10.229715474938
-10.220627395763
-10.206598430988
-10.187768387413
-10.164293096798
-10.136343237902
-10.104103158527
-10.067787600976
-10.027658427521
-9.984034939164
-9.937304194404
-9.887917925367
-9.836389453946
-9.783288273874
-9.729234632803
-9.674812376618
-9.620481793770
-9.566541316390
-9.513089221422
-9.460054410008
-9.407227186879
-9.354302457150
-9.300922923122
-9.246733339513
-9.191434768695
-9.134808023527
-9.076737110179
-9.017230878982
-8.956444675273
-8.894696967809
-8.832485977184
-8.770466329128
-8.709425707815
-8.650183769848
-8.593491058254
-8.539951797225
-8.489946686872
-8.443649827626
-8.401045644639
-8.361910426355
-8.325793863066
-8.292032562834
-8.259763567403
-8.228043153774
-8.195965635789
-8.162705145938
-8.127557417166
-8.089925024864
-8.049302628845
-8.005295087720
-7.957635573264
-7.906166021569
-7.850817584206
-7.791572178118
-7.728424035513
-7.661375572779
-7.590433259384
-7.515605857509
-7.436902661671
-7.354310178101
-7.267768804131
-7.177164164452
-7.082318447372
-6.983024594573
-6.879080490853
-6.770317398343
-6.656628390714
-6.537982571504
-6.414439292454
-6.286156890205
-6.153401422995
-6.016585090390
-5.876304653000
-5.733293562181
-5.588374089727
-5.442329974872
-5.295779071303
-5.149165685307
-5.002752913933
-4.856670412216
-4.710962160406
-4.565610653307
-4.420561089618
-4.275746067373
-4.131110279387
-3.986635424031
-3.842365116019
-3.698400504793
-3.554895892905
-3.412041220760
-3.270044551356
-3.129141370606
-2.989603887673
-2.851742113991
-2.715904942302
-2.582462240235
-2.451786943901
-2.324240618075
-2.200159016394
-2.079832667599
-1.963487461787
-1.851283333392
-1.743312944156
-1.639609394561
-1.540153935245
-1.444863005236
-1.353575270170
-1.266042268738
-1.181919059117
-1.100770455355
-1.022077263740
-0.945286028294
-0.869858776251
-0.795321073046
-0.721310077289
-0.647537835644
-0.573754577702
-0.499719359647
-0.425170707931
-0.349835190719
-0.273435989347
-0.195702393222
-0.116379294720
-0.035261840032
0.047769920000
0.132742281765
0.219579140766
0.308108890330
0.398071320318
0.489119651800
0.580822571735
0.672660154744
0.764019784893
0.854257250362
0.942757838115
1.028973576889
1.112460480182
1.192860481721
1.269883370920
1.343312179797
1.413008569886
1.478914486428
1.541053812562
1.599530913682
1.654529181793
1.706304484460
1.755178613747
1.801500110672
1.845605089657
1.887800895215
1.928349758637
1.967471546793
2.005346510938
2.042117144933
2.077890043476
2.112740259671
2.146715662598
2.179845052007
2.212146273012
2.243624231835
2.274268911555
2.304041467764
2.332860324233
2.360589235433
2.387025349057
2.411915249453
2.434971001056
2.455905883308
2.474470125568
2.490464056805
2.503751255286
2.514260347366
2.521986806278
2.526987789051
2.529376973433
2.529331365896
2.527098109651
2.522985706101
2.517355236295
2.510605891228
2.503160502141
2.495481855609
2.488089008634
2.481540558324
2.476417911582
2.473295052105
2.472708307384
2.475176199682
2.481219297011
2.491343458909
2.506023082207
2.525657722215
2.550528713903
2.580816847671
2.616620045119
2.657983503847
2.704929842254
2.757463025422
2.815572290990
2.879230397898
2.948391875126
3.022999314274
3.102989662142
3.188286386609
3.278791642517
3.374364561725
3.474799543173
3.579800805417
3.688956939165
3.801757441837
3.917609252124
4.035879404541
4.155937683970
4.277158372078
4.398921993729
4.520620621222
4.641663178522
4.761495448176
4.879620078217
4.995621141211
5.109188693294
5.220130409807
5.328383220940
5.433974457668
5.536982997693
5.637500007228
5.735589682791
5.831275523312
5.924526602246
6.015264764444
6.103371823034
6.188703259621
6.271101924493
6.350408660062
6.426472924315
6.499153849406
6.568321300254
6.633846630591
6.695593439020
6.753415986508
6.807157613879
6.856660924951
6.901777969663
6.942377077666
6.978349691908
7.009626879680
7.036195843652
7.058136355825
7.075657191477
7.089138576644
7.099174635591
7.106533377120
7.112116680872
7.116826561878
7.121431435101
7.126546517736
7.132614231519
7.139974747435
7.148936530432
7.159783664770
7.172783179380
7.188174147712
7.206156787589
7.226911743585
7.250619369413
7.277456141611
7.307591073234
7.341167325767
7.378283821048
7.418999307774
7.463336428013
7.511287207503
7.562818545961
7.617876032220
7.676387759366
7.738259020592
7.803367005042
7.871546540479
7.942575835947
8.016160401251
8.091916966427
8.169362204051
8.247901451542
8.326880553462
8.405637703806
8.483558101045
8.560128603163
8.634956507599
8.707788331179
8.778483422344
8.846987573372
8.913315875627
8.977535574799
9.039752223648
9.100095834757
9.158711901915
9.215752421506
9.271366282086
9.325689653970
9.378838983502
9.430903987331
9.481945200202
9.531991522757
9.581043296085
9.629075376278
9.676026089288
9.721786185794
9.766206169296
9.809103624209
9.850262450293
9.889432097073
9.926342503206
9.960719035842
9.992302342588
10.020868203462
10.046221179809
10.068188263211
10.086628772219
10.101444249075
10.112590629991
10.120090415422
10.124045463531
10.124649783644
10.122216537114
10.117205038179
10.110193606253
10.101852418208
10.092887003678
10.083981740372
10.075726536742
10.068543514657
10.062687646693
10.058247393433
10.055203644240
10.053488658036
10.053001944198
10.053626143464
10.055235364201
10.057703518679
10.060917772244
10.064791992501
10.069280308590
10.074390670468
10.080176578391
10.086728812406
10.094153720399
10.102551506143
10.111998753993
10.122530953571
10.134124748097
10.146680182714
10.160019540573
10.173886178905
10.187954010209
10.201836983427
10.215135082134
10.227480322725
10.238564584185
10.248167437856
10.256146737826
10.262429211309
10.267013309952
10.269972061151
10.271459621454
10.271717829970
10.271056717748
10.269835017164
10.268432882989
10.267224613453
10.266536150974
10.266602582888
10.267557425128
10.269421905917
10.272122237378
10.275506887160
10.279356007427
10.283390863860
10.287313734321
10.290847807520
10.293766108523
10.295920424263
10.297238284326
10.297719941750
10.297421170930
10.296436065538
10.294885539876
10.292905830231
10.290651081581
10.288295934303
10.286020477567
10.283995202738
10.282364991404
10.281233103406
10.280660723966
10.280666510814
10.281227623335
10.282280751716
10.283731455993
10.285463505099
10.287356387639
10.289302822672
10.291219754673
10.293059348503
10.294805635005
10.296471156591
10.298089393955
10.299707192789
10.301376922161
10.303148632901
10.305069593094
10.307183823575
10.309549231089
10.312254741448
10.315424398751
10.319221464598
10.323838789759
10.329489185841
10.336396512429
10.344786764237
10.354881446059
10.366890947725
10.380994043383
10.397317390781
10.415934172938
10.436862739815
10.460064754939
10.485443342027
10.512816361562
10.541889687369
10.572250720466
10.603361902912
10.634599567813
10.665292789324
10.694790085652
10.722526122059
10.748041233614
10.771000947932
10.791172508645
10.808401398857
10.822609297705
10.833792036904
10.842020690711
10.847442665873
10.850271503901
10.850776683334
10.849258690153
10.846024088205
10.841340132063
10.835389379902
10.828265908241
10.819971526701
10.810444894336
10.799590635980
10.787313003181
10.773549535151
10.758288150448
10.741584238673
10.723570370307
10.704466006548
10.684559062784
10.664187472050
10.643686918471
10.623338570692
10.603367505380
10.583941130732
10.565189340751
10.547224669521
10.530132590732
10.513961817195
10.498709475159
10.484306278622
10.470595198530
10.457310131964
10.444110944484
10.430618512466
10.416480018555
10.401434247112
10.385317595173
10.368070083406
10.349711853800
10.330319667353
10.309999488870
10.288859071751
10.266990309126
10.244451584985
10.221258941487
10.197377246269
10.172717099222
10.147131739272
10.120424345227
10.092355336634
10.062680169536
10.031187132230
9.997719563729
9.962198072224
9.924616392672
9.885037244389
9.843586773366
9.800448994595
9.755838375931
9.709972421955
9.663050265139
9.615231257010
9.566633775200
9.517334030486
9.467380973672
9.416811202466
9.365680545714
9.314095647632
9.262227684136
9.210326079161
9.158675772342
9.107554486693
9.057196582755
9.007756912749
8.959312466749
8.911864018857
8.865345472483
8.819633205625
8.774559162690
8.729923946310
8.685505736960
8.641069212566
8.596372829775
8.551176105221
8.505237713624
8.458313585890
8.410160267873
8.360538279128
8.309204550058
8.255904859061
8.200384721157
8.142400276624
8.081738521680
8.018237539156
7.951780084791
7.882287173527
7.809713934103
7.734045463658
7.655298592665
7.573523649856
7.488818094809
7.401340150535
7.311332453812
7.219145705528
7.125219750608
7.030064657932
6.934191324289
6.838042078330
6.741960056579
6.646158579447
6.550752729839
6.455790931755
6.361287047932
6.267252477485
6.173687810129
6.080574480402
5.987857425105
5.895427740756
5.803119801454
5.710708376758
5.617913205833
5.524403571593
5.429845211079
5.333947225845
5.236485446085
5.137325794766
5.036400562069
4.933684679840
4.829185398904
4.722931966379
4.614969885234
4.505355173837
4.394152460886
4.281433080334
4.167274070374
4.051757172414
3.934973104467
3.817025834535
3.698044662496
3.578196301981
3.457683823774
3.336745599208
3.215635059478
3.094600454949
2.973887409663
2.853741475833
2.734423380725
2.616224273529
2.499445792610
2.384380132760
2.271288242595
2.160378021962
2.051812588088
1.945718541735
1.842183785765
1.741255343715
1.642933397229
1.547165323490
1.453818540798
1.362653354138
1.273309242924
1.185291148737
1.097996032400
1.010739431043
0.922837568532
0.833689465892
0.742833519653
0.650004080186
0.555118481552
0.458264071345
0.359654834967
0.259588019894
0.158435381122
0.056634426624
-0.045332441179
-0.146958783932
-0.247766985558
-0.347361110460
-0.445433901100
-0.541773775576
-0.636239984327
-0.728737766843
-0.819208095665
-0.907617420395
-0.993951426957
-1.078208796859
-1.160393536439
-1.240507306111
-1.318547397351
-1.394504709683
-1.468362617799
-1.540095838679
-1.609664796395
-1.677009986915
-1.742051607516
-1.804689186197
-1.864809231558
-1.922292882684
-1.977012201064
-2.028826462520
-2.077591183202
-2.123167145584
-2.165432521260
-2.204294993740
-2.239684536683
-2.271546192130
-2.299833343735
-2.324500989996
-2.345509261181
-2.362826936254
-2.376428875128
-2.386293450917
-2.392403206638
-2.394745511903
-2.393318004030
-2.388134029149
-2.379222097273
-2.366625337369
-2.350402035868
-2.330626175175
-2.307388379908
-2.280796863137
-2.250988383715
-2.218139203609
-2.182478717005
-2.144303079413
-2.103958283312
-2.061823233794
-2.018292767863
-1.973760673724
-1.928607771116
-1.883189991638
-1.837813189458
-1.792707952021
-1.748031799568
-1.703871384658
-1.660263920980
-1.617218612153
-1.574730766037
-1.532795909028
-1.491416517392
-1.450608748584
-1.410414691300
-1.370914615529
-1.332224747505
-1.294495044674
-1.257885990854
-1.222545391411
-1.188603120598
-1.156165868910
-1.125319348811
-1.096130500477
-1.068636971488
-1.042836596536
-1.018683983146
-0.996087097413
-0.974915290440
-0.955007324786
-0.936196092715
-0.918333334435
-0.901310218449
-0.885077921890
-0.869644090720
-0.855069299913
-0.841438688049
-0.828833591892
-0.817311605015
-0.806886636409
-0.797519026407
-0.789105662593
-0.781476839371
-0.774393117531
-0.767559633742
-0.760640410047
-0.753280454651
-0.745127862712
-0.735869196271
-0.725264864195
-0.713162921059
-0.699512866044
-0.684359565802
-0.667837177337
-0.650185629128
-0.631767102264
-0.613039271456
-0.594528546046
-0.576759431157
-0.560183888844
-0.545154317552
-0.531896531576
-0.520520475940
-0.511030941275
-0.503339064662
-0.497273830465
-0.492570519026
-0.488859155355
-0.485704252320
-0.482644553834
-0.479267101031
-0.475281298429
-0.470508318986
-0.464870509143
-0.458346739855
-0.450927757619
-0.442604283697
-0.433355113339
-0.423138811018
-0.411885405664
-0.399500292146
-0.385868132744
-0.370875629021
-0.354434293690
-0.336488765865
-0.317025126312
-0.296070474432
-0.273692505244
-0.249988200822
-0.225072521732
-0.199075747949
-0.172140819774
-0.144420971134
-0.116077362882
-0.087270894818
-0.058154017713
-0.028880250512
0.000386302459
0.029471469003
0.058191526571
0.086365777603
0.113829124875
0.140445118136
0.166119000745
0.190798645424
0.214475490010
0.237186861137
0.259018297908
0.280103165965
0.300622271555
0.320788135949
0.340829269863
0.360975083555
0.381440796922
0.402406565246
0.423996604937
0.446275059202
0.469241863703
0.492840098472
0.516963339821
0.541454348019
0.566103754969
0.590671290632
0.614907009448
0.638569579619
0.661444572399
0.683357893530
0.704189214693
0.723864368950
0.742347746186
0.759624043458
0.775680015329
0.790501690382
0.804071587718
0.816378410389
0.827426738815
0.837240354609
0.845865564386
0.853377963780
0.859889201445
0.865554292018
0.870578929072
0.875223151646
0.879805010784
0.884703301004
0.890360291779
0.897259681926
0.905904553992
0.916775164720
0.930286735504
0.946775467938
0.966484559359
0.989571870275
1.016117591784
1.046135413112
1.079583689160
1.116365531052
1.156328896689
1.199269416085
1.244933216713
1.293042521003
1.343321243846
1.395502700682
1.449337315598
1.504568080703
1.560906015509
1.618039298866
1.675642400907
1.733388612573
1.790962575147
1.848052307965
1.904341236136
1.959514239434
2.013263701199
2.065299742774
2.115360457933
2.163218062629
2.208685044742
2.251628831096
2.291986454485
2.329756750181
2.364992552433
2.397790277070
2.428279504104
2.456615162420
2.482969714475
2.507523965273
2.530457871331
2.551944757261
2.572145532352
2.591191052867
2.609164484349
2.626101324458
2.641989425799
2.656793725931
2.670480977376
2.683027901507
2.694429342445
2.704687645675
2.713802036653
2.721770665040
2.728592648936
2.734267602710
2.738795164839
2.742166589560
2.744356338513
2.745311523253
2.744941347762
2.743108239442
2.739618980123
2.734245773312
2.726747311452
2.716889431385
2.704465769806
2.689295235846
2.671219483655
2.650106667462
2.625855196644
2.598393379597
2.567679067598
2.533694497166
2.496441132423
2.455951485309
2.412300935806
2.365629933645
2.316166200004
2.264247398684
2.210343807285
2.154973402405
2.098616944848
2.041632359036
1.984169112412
1.926225983895
1.867708832335
1.808498797353
1.748520500190
1.687747402399
1.626207164528
1.563982397122
1.501211411722
1.438103911345
1.374956680964
1.312135348647
1.250056146693
1.189137891223
1.129753961777
1.072204355760
1.016687742886
0.963306892718
0.912074102199
0.862938417158
0.815812853825
0.770596360529
0.727195779402
0.685538803298
0.645586932722
0.607325187835
0.570751820465
0.535862699518
0.502635696399
0.471028065566
0.440973825090
0.412374641230
0.385090713018
0.358932743998
0.333653913965
0.308929912480
0.284338972378
0.259362313369
0.233384585655
0.205741436512
0.175767076894
0.142879405028
0.106665130021
0.066880180768
0.023450114851
-0.023553589422
-0.073937240978
-0.127408246069
-0.183598418353
-0.242050638249
-0.302205512301
-0.363435220219
-0.425077361920
-0.486484814789
-0.547075590931
-0.606385869329
-0.664123028011
-0.720177366856
-0.774633830400
-0.827704195223
-0.879659257327
-0.930776364109
-0.981286946343
-1.031363410451
-1.081106030778
-1.130546199653
-1.179649677454
-1.228325649630
-1.276435783722
-1.323824448478
-1.370348932966
-1.415909469952
-1.460479259278
-1.504077350624
-1.546741526275
-1.588510474768
-1.629405964549
-1.669428677600
-1.708554043067
-1.746730968895
-1.783880573463
-1.819916470555
-1.854765054331
-1.888377893436
-1.920744125109
-1.951878143149
-1.981807285881
-2.010562980974
-2.038171890258
-2.064655946429
-2.090032389744
-2.114313712802
-2.137507605320
-2.159608435238
-2.180588729824
-2.200396626841
-2.218953325714
-2.236166455171
-2.251943440884
-2.266197579705
-2.278854113902
-2.289860756653
-2.299198217540
-2.306894220616
-2.313037522471
-2.317792638745
-2.321414570631
-2.324214935472
-2.326528097350
-2.328676068776
-2.330933412378
-2.333548494826
-2.336764740772
-2.340818179584
-2.345934992092
-2.352307346056
-2.360069231631
-2.369298718950
-2.380020215697
-2.392203760724
-2.405764317667
-2.420561574193
-2.436399741247
-2.453015551154
-2.470066255720
-2.487165173091
-2.503917234612
-2.519976617204
-2.535104375731
-2.549158676166
-2.562085028746
-2.573871768970
-2.584505538606
-2.593955407875
-2.602156997635
-2.609034430995
-2.614522284920
-2.618578206209
-2.621195527482
-2.622397743064
-2.622232984869
-2.620764337066
-2.618060150736
-2.614186082594
-2.609197133720
-2.603136458660
-2.596034174527
-2.587925763055
-2.578870472644
-2.568960086466
-2.558327690580
-2.547159301514
-2.535705493846
-2.524269867133
-2.513197512827
-2.502818144435
-2.493389227670
-2.485101214165
-2.478082775176
-2.472445483311
-2.468328494258
-2.465907726985
-2.465405043935
-2.467066875615
-2.471142845175
-2.477856250809
-2.487374548155
-2.499809837698
-2.515219352174
-2.533626795919
-2.555043684228
-2.579465170070
-2.606865870808
-2.637189484952
-2.670338408912
-2.706166696826
-2.744473020383
-2.785001211259
-2.827440803543
-2.871439634431
-2.916616444919
-2.962605001878
-3.009098220127
-3.055859352766
-3.102733181510
-3.149615545381
-3.196422869403
-3.243076137745
-3.289484866863
-3.335548494097
-3.381157766264
-3.426185880834
-3.470479627112
-3.513850384057
-3.556065118107
-3.596877231076
-3.636057408061
-3.673416659983
-3.708829366128
-3.742252785365
-3.773746567355
-3.803470892018
-3.831684609009
-3.858727427925
-3.885002108513
-3.910950890855
-3.937031925550
-3.963650584467
-3.991090771504
-4.019535578934
-4.049087943752
-4.079810282794
-4.111764127861
-4.144998698766
-4.179539476391
-4.215385483725
-4.252506566903
-4.290844049846
-4.330311388901
-4.370779337209
-4.412061109073
-4.453890806723
-4.495901847081
-4.537661038288
-4.578702656228
-4.618606340498
-4.657074990385
-4.693939963077
-4.729166271890
-4.762802777172
-4.794932377223
-4.825652488696
-4.855055527014
-4.883231879780
-4.910272880203
-4.936276785776
-4.961354756970
-4.985617774324
-5.009163555551
-5.032077449388
-5.054433329462
-5.076301680434
-5.097757684156
-5.118880051562
-5.139749854564
-5.160445745403
-5.181039176000
-5.201578701920
-5.222074286318
-5.242496865214
-5.262777912745
-5.282822633751
-5.302523156354
-5.321759852538
-5.340402658725
-5.358316073502
-5.375364155335
-5.391409715591
-5.406313511560
-5.419936932677
-5.432144686759
-5.442818357857
-5.451869964118
-5.459289093338
-5.465190038505
-5.469796837323
-5.473428311721
-5.476435701953
-5.479140300695
-5.481807265799
-5.484619433045
-5.487684095845
-5.491039784932
-5.494688050226
-5.498625242688
-5.502866615987
-5.507470428174
-5.512527969826
-5.518153592195
-5.524465809325
-5.531568400179
-5.539547084965
-5.548466201468
-5.558369411038
-5.569280404588
-5.581206263745
-5.594140822006
-5.608072627092
-5.622992903297
-5.638900003487
-5.655803861089
-5.673714634784
-5.692631353194
-5.712536795907
-5.733392374492
-5.755146130281
-5.777740732145
-5.801112276735
-5.825189088713
-5.849879211137
-5.875057895842
-5.900582353971
-5.926306506504
-5.952093782111
-5.977829915007
-6.003421653993
-6.028795471496
-6.053890876178
-6.078653725543
-6.103027836162
-6.126946593897
-6.150332876080
-6.173098973691
-6.195136555962
-6.216306634981
-6.236435468263
-6.255310461321
-6.272711810788
-6.288444147539
-6.302354531598
-6.314350447045
-6.324386131261
-6.332448904173
-6.338559483472
-6.342772299826
-6.345186914719
-6.345959438280
-6.345307903849
-6.343517642542
-6.340950873531
-6.338056294324
-6.335319539168
-6.333213637452
-6.332122350512
-6.332263508436
-6.333720867022
-6.336475964736
-6.340453432179
-6.345566301554
-6.351723932906
-6.358839940362
-6.366829733311
-6.375608057584
-6.385103852401
-6.395275107318
-6.406111115492
-6.417634726946
-6.429891138643
-6.442936684561
-6.456826153215
-6.471600105189
-6.487290274598
-6.503924970555
-6.521532601594
-6.540145200093
-6.559800936856
-6.580546635695
-6.602443079150
-6.625570314209
-6.650033536375
-6.675968973733
-6.703524102367
-6.732837861777
-6.764022361219
-6.797144586045
-6.832227585757
-6.869251662061
-6.908146514412
-6.948783385559
-6.990956049300
-7.034361798237
-7.078618607354
-7.123282297595
-7.167906951721
-7.212105330170
-7.255568778009
-7.298087131879
-7.339517581723
-7.379753532498
-7.418695147686
-7.456219892789
-7.492176793614
-7.526380694548
-7.558624428783
-7.588690988551
-7.616367515057
-7.641459288428
-7.663795935809
-7.683237639474
-7.699697026642
-7.713161059293
-7.723705827226
-7.731511341102
-7.736874490453
-7.740222001675
-7.742065572744
-7.742957007917
-7.743403529813
-7.743783091485
-7.744352671981
-7.745256571912
-7.746581391613
-7.748411009314
-7.750844200881
-7.754012259561
-7.758072727702
-7.763203128483
-7.769583898083
-7.777381317856
-7.786737195711
-7.797758547502
-7.810523005693
-7.825084228029
-7.841484180705
-7.859765421545
-7.879982150282
-7.902211258844
-7.926550002478
-7.953113670884
-7.982026005526
-8.013409616949
-8.047370900566
-8.083984952455
-8.123288832443
-8.165274827195
-8.209891610535
-8.257045403762
-8.306599199349
-8.358371984632
-8.412136173624
-8.467615038823
-8.524484759124
-8.582376467721
-8.640908147341
-8.699716525471
-8.758473984791
-8.816905473591
-8.874769921950
-8.931841657912
-8.987915452378
-9.042811563988
-9.096394063605
-9.148589158799
-9.199377871771
-9.248788717286
-9.296880755683
-9.343726645876
-9.389399374883
-9.433958987355
-9.477455129894
-9.519929595386
-9.561412694446
-9.601919626873
-9.641454276752
-9.680013007547
-9.717586089131
-9.754159124816
-9.789715167755
-9.824236837353
-9.857714581209
-9.890154937049
-9.921573768720
-9.951989502184
-9.981416241844
-10.009856886885
-10.037299194656
-10.063711844062
-10.089050015393
-10.113260970144
-10.136285390776
-10.158058720477
-10.178508138876
-10.197549537766
-10.215101157170
-10.231097221397
-10.245494137501
-10.258276693725
-10.269455912520
-10.279066903564
-10.287161368814
-10.293800107567
-10.299044940577
-10.302950634163
-10.305561823600
-10.306909936510
-10.307013000237
-10.305875449231
-10.303493611434
-10.299861194656
-10.294971893285
-10.288821994982
-10.281417165910
-10.272779235963
-10.262945529371
-10.251968195314
-10.239906909032
-10.226821572926
-10.212767632651
-10.197791393209
-10.181919767603
-10.165150025506
-10.147447243882
-10.128741757617
-10.108943888432
-10.087958673787
-10.065705363984
-10.042136919270
-10.017240255713
-9.991036491087
-9.963573866629
-9.934920668787
-9.905166172571
-9.874421584904
-9.842821671709
-9.810526385011
-9.777708697558
-9.744542437452
-9.711188738430
-9.677782490142
-9.644438880499
-9.611259938022
-9.578340680385
-9.545775262959
-9.513647303381
-9.482020206123
-9.450937915415
-9.420425668166
-9.390493877466
-9.361142016073
-9.332354127580
-9.304094337566
-9.276309922106
-9.248934376268
-9.221878927639
-9.195024049847
-9.168237025139
-9.141389506951
-9.114368881338
-9.087089628394
-9.059480762657
-9.031473273511
-9.002996697717
-8.973975691939
-8.944321905747
-8.913925854619
-8.882655748302
-8.850356319173
-8.816874843885
-8.782087165013
-8.745907019429
-8.708295366677
-8.669252457343
-8.628809901425
-8.587022573680
-8.543960518971
-8.499707590165
-8.454360086032
-8.408022328844
-8.360802241984
-8.312793484003
-8.264057582682
-8.214628039615
-8.164514434792
-8.113728503272
-8.062310211856
-8.010339468891
-7.957947834076
-7.905305749089
-7.852609768218
-7.800068379309
-7.747887824715
-7.696260421144
-7.645352879513
-7.595302175108
-7.546211417747
-7.498150729811
-7.451158124275
-7.405244772110
-7.360400269685
-7.316604016028
-7.273836590087
-7.232081552215
-7.191327245655
-7.151554543061
-7.112724593019
-7.074777601711
-7.037631614580
-7.001184576041
-6.965316389202
-6.929896323077
-6.894790419805
-6.859874101742
-6.825044778546
-6.790189066044
-6.755150005082
-6.719760120665
-6.683874481100
-6.647347359799
-6.610008897086
-6.571680973649
-6.532193083992
-6.491400046946
-6.449199716181
-6.405539306151
-6.360421718049
-6.313909259246
-6.266127362735
-6.217261473230
-6.167553933265
-6.117268359523
-6.066654019164
-6.015934401775
-5.965295791324
-5.914905407410
-5.864929546522
-5.815525549758
-5.766833770542
-5.718965330633
-5.671989876132
-5.625933135518
-5.580774477684
-5.536445674539
-5.492829663615
-5.449760554319
-5.407023634191
-5.364383927971
-5.321614756656
-5.278515837896
-5.234931386387
-5.190738926272
-5.145838103537
-5.100132704330
-5.053512673279
-5.005855107310
-4.957025249466
-4.906892638519
-4.855347258592
-4.802308173788
-4.747732162824
-4.691609841514
-4.633961785252
-4.574831288968
-4.514277127085
-4.452366707235
-4.389169223985
-4.324750399026
-4.259167221367
-4.192464631211
-4.124672203831
-4.055807914828
-3.985881905390
-3.914903088125
-3.842885752904
-3.769847310358
-3.695806035380
-3.620780345845
-3.544788081330
-3.467849856380
-3.389992413774
-3.311249259909
-3.231661300179
-3.151277035373
-3.070152758063
-2.988359477775
-2.905989846159
-2.823173119566
-2.740090121621
-2.656968479641
-2.574077861037
-2.491717028263
-2.410200893749
-2.329844742605
-2.250948455321
-2.173773803029
-2.098521742765
-2.025328960715
-1.954264415461
-1.885335816712
-1.818496104034
-1.753642956952
-1.690618305042
-1.629213679862
-1.569175566878
-1.510214563025
-1.452014534268
-1.394256860890
-1.336644682781
-1.278929240004
-1.220936213364
-1.162556683975
-1.103738092830
-1.044472332252
-0.984783837345
-0.924729573937
-0.864399026517
-0.803905353453
-0.743376542194
-0.682944411184
-0.622733611763
-0.562856110038
-0.503405668754
-0.444458943295
-0.386076577689
-0.328308263079
-0.271197796205
-0.214786256756
-0.159115184727
-0.104228007103
-0.050171464543
0.003002627217
0.055235615960
0.106457648072
0.156583303616
0.205510982562
0.253122291012
0.299297071166
0.343928431288
0.386927162223
0.428226153914
0.467784740084
0.505593042923
0.541670251957
0.576062902927
0.608844656161
0.640116074947
0.670003684096
0.698659028505
0.726244256523
0.752917703322
0.778831706471
0.804130421520
0.828946008907
0.853394820867
0.877568786790
0.901526798580
0.925301966105
0.948908872648
0.972356555965
0.995661489346
1.018849766185
1.041959284552
1.065033530248
1.088115359862
1.111239905341
1.134427478560
1.157683673912
1.180999470905
1.204358243382
1.227742768755
1.251138108715
1.274534489964
1.297927831601
1.321320272532
1.344716502894
1.368120095484
1.391530335508
1.414939050328
1.438328939324
1.461671903773
1.484924511988
1.508023464474
1.530889844252
1.553433367186
1.575556620706
1.597159302538
1.618138301443
1.638387777961
1.657805061655
1.676296548365
1.693784975822
1.710216699267
1.725560976493
1.739809252882
1.752970104611
1.765064181848
1.776120652137
1.786173643783
1.795257985347
1.803404945151
1.810641498675
1.816989595959
1.822466201392
1.827083333496
1.830856376704
1.833812393128
1.835993756008
1.837461783161
1.838287332995
1.838541400533
1.838292989790
1.837606986154
1.836541532344
1.835145404367
1.833457274683
1.831504975376
1.829313508657
1.826913057369
1.824334814838
1.821606814725
1.818742371255
1.815728519455
1.812513222314
1.808992577949
1.805021209387
1.800422654349
1.795022891442
1.788683866351
1.781312849320
1.772871792633
1.763369468221
1.752853605269
1.741413465754
1.729182419983
1.716337283980
1.703097656877
1.689703582611
1.676393211635
1.663372534446
1.650785115120
1.638720395272
1.627221998021
1.616308233538
1.605992604607
1.596283014047
1.587180972134
1.578677416565
1.570748532407
1.563360012605
1.556471318480
1.550040412886
1.544028493376
1.538401527803
1.533131789929
1.528195471844
1.523570296390
1.519229823598
1.515137757128
1.511240950118
1.507462411024
1.503705468452
1.499857936000
1.495801676716
1.491422167568
1.486612950568
1.481280083895
1.475340509513
1.468720420779
1.461358655304
1.453210087814
1.444250262996
1.434480028354
1.423922469943
1.412619848109
1.400631698341
1.388032932132
1.374910520932
1.361360180089
1.347482092294
1.333376631015
1.319142174070
1.304872917208
1.290651048711
1.276538924005
1.262577192216
1.248782922729
1.235155837258
1.221684541917
1.208350134504
1.195129811793
1.181999311084
1.168935351768
1.155918063246
1.142933412860
1.129972764096
1.117032434793
1.104110830888
1.091205580158
1.078311295108
1.065417335851
1.052508554335
1.039566038565
1.026569415812
1.013499155820
1.000337866029
0.987071586799
0.973689747631
0.960185123380
0.946553134419
0.932791146793
0.918898265045
0.904875125048
0.890723545399
0.876446178811
0.862046400226
0.847528194933
0.832896351118
0.818156652424
0.803315629652
0.788380312477
0.773357868156
0.758255240255
0.743079642872
0.727839054868
0.712542426429
0.697199885625
0.681822663126
0.666423016921
0.651014043638
0.635609489882
0.620223023399
0.604867504260
0.589554927693
0.574296366922
0.559102529570
0.543984314056
0.528953014683
0.514020526730
0.499199137026
0.484501314522
0.469938786403
0.455521614198
0.441257750051
0.427152593004
0.413209462223
0.399430070235
0.385815170947
0.372365207678
0.359080551015
0.345961736675
0.333009631061
0.320225596819
0.307611458788
0.295169469947
0.282902056298
0.270811561735
0.258900181796
0.247169897410
0.235622505113
0.224259647266
0.213082805742
0.202093295609
0.191292329269
0.180681080599
0.170260744857
0.160032598581
0.149997971651
0.140158219348
0.130514698020
0.121068740753
0.111821640500
0.102774633217
0.093928901959
0.085285580980
0.076845758985
0.068610482395
0.060580746849
0.052757488718
0.045141600429
0.037733945795
0.030535367324
0.023546693545
0.016768738640
0.010202302094
0.003848182225
-0.002292810282
-0.008219835465
-0.013932007172
-0.019428396516
-0.024708035320
-0.029769938469
-0.034613126257
-0.039236640621
-0.043639561376
-0.047821010411
-0.051780155894
-0.055516212736
-0.059028443066
-0.062316155734
-0.065378705817
-0.068215493843
-0.070825965021
-0.073209608638
-0.075365957464
-0.077294587557
-0.078995118062
-0.080467211323
-0.081710572975
-0.082724952233
-0.083510142163
-0.084065980087
-0.084392347973
